188 255 124 0 252 246 0 0 1 0 255 255 1034313
166 255 152 0 71 250 0 0 1 0 255 255 1132643
157 255 166 0 78 252 0 0 2 0 255 255 1226827
158 255 190 0 169 253 0 0 2 0 255 255 1325143
174 255 215 0 121 254 0 0 2 0 255 255 1419430
172 255 219 0 247 254 0 0 1 0 255 255 1517653
157 255 214 0 94 254 0 0 2 0 255 255 1611805
159 255 213 0 156 255 255 255 2 0 0 0 1710158
151 255 222 0 180 255 255 255 2 0 0 0 1804411
142 255 237 0 191 255 255 255 2 0 0 0 1902718
167 255 235 0 205 255 255 255 2 0 0 0 1996938
161 255 231 0 207 255 255 255 2 0 0 0 2091150
178 255 224 0 217 255 255 255 2 0 255 255 2189425
206 255 240 0 245 255 255 255 2 0 255 255 2283663
176 255 233 0 13 0 255 255 2 0 255 255 2377895
151 255 217 0 248 255 255 255 2 0 255 255 2476187
162 255 211 0 232 255 255 255 2 0 255 255 2570404
159 255 226 0 233 255 255 255 2 0 255 255 2664620
176 255 227 0 240 255 255 255 2 0 255 255 2762937
181 255 234 0 225 255 255 255 2 0 255 255 2857122
166 255 226 0 227 255 255 255 2 0 255 255 2955447
174 255 212 0 221 255 0 0 2 0 255 255 3049668
191 255 198 0 242 255 0 0 2 0 255 255 3147974
183 255 208 0 250 255 0 0 2 0 255 255 3242197
155 255 194 0 4 0 0 0 2 0 255 255 3336423
185 255 166 0 250 255 0 0 2 0 255 255 3434714
176 255 199 0 255 255 0 0 2 0 255 255 3528940
164 255 211 0 0 0 0 0 2 0 255 255 3623156
181 255 192 0 252 255 0 0 2 0 255 255 3721425
186 255 175 0 234 255 0 0 2 0 255 255 3815653
200 255 172 0 216 255 1 0 2 0 255 255 3913950
219 255 188 0 237 255 1 0 2 0 255 255 4012341
210 255 199 0 252 255 1 0 1 0 255 255 4106501
204 255 182 0 3 0 1 0 1 0 255 255 4200718
197 255 182 0 243 255 1 0 1 0 255 255 4298988
175 255 195 0 225 255 1 0 2 0 255 255 4393213
197 255 169 0 254 255 1 0 2 0 255 255 4585796
162 255 164 0 251 255 1 0 2 0 255 255 4679956
162 255 181 0 254 255 1 0 2 0 255 255 4778325
192 255 176 0 252 255 1 0 2 0 255 255 4872506
202 255 151 0 240 255 0 0 2 0 255 255 4966728
193 255 146 0 240 255 0 0 2 0 0 0 5065014
220 255 131 0 0 0 0 0 2 0 0 0 5159241
196 255 132 0 241 255 0 0 2 0 0 0 5257528
190 255 123 0 244 255 0 0 2 0 0 0 5351709
215 255 128 0 254 255 0 0 2 0 0 0 5446002
221 255 135 0 230 255 0 0 2 0 0 0 5544305
227 255 132 0 251 255 0 0 2 0 0 0 5638472
230 255 146 0 247 255 0 0 1 0 0 0 5736799
218 255 133 0 237 255 0 0 1 0 0 0 5831029
223 255 112 0 242 255 0 0 1 0 0 0 5925215
223 255 114 0 235 255 0 0 1 0 0 0 6023517
228 255 138 0 228 255 0 0 1 0 0 0 6117751
228 255 124 0 239 255 0 0 1 0 0 0 6216024
226 255 109 0 236 255 0 0 1 0 0 0 6310336
227 255 115 0 247 255 0 0 1 0 0 0 6502804
196 255 94 0 224 255 0 0 1 0 0 0 6601159
205 255 98 0 217 255 255 255 2 0 0 0 6695357
228 255 115 0 240 255 255 255 1 0 0 0 6789551
212 255 131 0 254 255 255 255 1 0 0 0 6887879
199 255 127 0 252 255 255 255 1 0 0 0 6982059
204 255 105 0 251 255 255 255 1 0 0 0 7076343
207 255 102 0 228 255 255 255 1 0 0 0 7174559
205 255 119 0 225 255 255 255 2 0 0 0 7268803
212 255 107 0 216 255 255 255 1 0 0 0 7363014
213 255 91 0 223 255 254 255 1 0 1 0 7461330
205 255 105 0 249 255 254 255 1 0 1 0 7555600
214 255 112 0 243 255 254 255 1 0 1 0 7653897
211 255 107 0 226 255 254 255 1 0 1 0 7752154
217 255 105 0 0 0 254 255 2 0 1 0 7846354
238 255 83 0 4 0 254 255 1 0 1 0 7940590
245 255 86 0 247 255 254 255 1 0 1 0 8038969
242 255 99 0 2 0 254 255 1 0 1 0 8133129
247 255 93 0 20 0 254 255 1 0 1 0 8227392
249 255 84 0 254 255 254 255 1 0 1 0 8325661
255 255 71 0 249 255 253 255 1 0 1 0 8419893
3 0 69 0 243 255 253 255 1 0 1 0 8518234
4 0 75 0 255 255 252 255 1 0 2 0 8612409
245 255 78 0 5 0 251 255 1 0 2 0 8706592
234 255 73 0 1 0 251 255 1 0 2 0 8804874
214 255 59 0 252 255 250 255 1 0 2 0 8899108
197 255 67 0 202 255 249 255 1 0 2 0 8997414
227 255 66 0 202 255 248 255 2 0 2 0 9091639
252 255 71 0 205 255 246 255 1 0 2 0 9189927
248 255 69 0 228 255 245 255 1 0 2 0 9284189
232 255 85 0 1 0 244 255 1 0 2 0 9378349
210 255 102 0 17 0 242 255 1 0 2 0 9476769
186 255 94 0 6 0 240 255 1 0 2 0 9570883
189 255 79 0 220 255 237 255 2 0 2 0 9669177
196 255 123 0 251 255 235 255 2 0 2 0 9763392
200 255 179 0 1 0 232 255 2 0 2 0 9857689
194 255 235 0 203 255 230 255 2 0 1 0 9955952
226 255 23 1 163 255 227 255 1 0 0 0 10050156
200 255 246 0 208 255 225 255 1 0 1 0 10144378
188 255 183 0 252 255 224 255 2 0 2 0 10242711
235 255 130 0 3 0 221 255 2 0 2 0 10336910
21 0 90 0 242 255 218 255 1 0 2 0 10435167
234 255 38 0 254 255 214 255 2 0 3 0 10529441
202 255 58 0 243 255 210 255 2 0 2 0 10627750
173 255 142 0 248 255 205 255 2 0 2 0 10721961
249 255 158 0 216 255 200 255 1 0 1 0 10816196
248 255 148 0 192 255 196 255 0 0 2 0 10914471
198 255 155 0 213 255 191 255 0 0 2 0 11008709
177 255 203 0 222 255 186 255 0 0 2 0 11107006
163 255 244 0 214 255 182 255 0 0 2 0 11201230
196 255 249 0 179 255 177 255 0 0 2 0 11295423
4 0 7 1 215 255 173 255 0 0 2 0 11393715
85 0 254 0 233 255 169 255 0 0 2 0 11487919
101 0 219 0 235 255 165 255 0 0 2 0 11582175
111 0 214 0 2 0 162 255 255 255 3 0 11680506
88 0 233 0 242 255 154 255 255 255 2 0 11873083
93 0 23 1 255 255 149 255 255 255 2 0 11967209
95 0 69 1 232 255 141 255 254 255 1 0 12159839
97 0 78 1 212 255 137 255 254 255 1 0 12258088
119 0 131 1 232 255 133 255 254 255 1 0 12352293
89 0 133 1 238 255 124 255 253 255 1 0 12544753
106 0 136 1 241 255 120 255 253 255 1 0 12638995
94 0 119 1 249 255 116 255 253 255 2 0 12733226
102 0 87 1 213 255 112 255 253 255 2 0 12831552
127 0 105 1 200 255 109 255 253 255 1 0 12929860
123 0 108 1 217 255 106 255 253 255 1 0 13024089
91 0 142 1 210 255 104 255 253 255 1 0 13118346
41 0 236 1 242 255 101 255 253 255 0 0 13212450
53 0 2 2 9 0 98 255 254 255 255 255 13310823
99 0 212 1 23 0 96 255 254 255 254 255 13409104
111 0 177 1 2 0 93 255 254 255 254 255 13503296
113 0 191 1 250 255 89 255 254 255 254 255 13597536
134 0 173 1 249 255 86 255 254 255 254 255 13695811
191 0 142 1 235 255 83 255 253 255 255 255 13790076
174 0 141 1 230 255 80 255 253 255 255 255 13884348
155 0 184 1 246 255 77 255 252 255 255 255 13982525
112 0 173 1 235 255 74 255 253 255 255 255 14076819
109 0 121 1 222 255 71 255 253 255 0 0 14175141
152 0 77 1 227 255 67 255 253 255 0 0 14269326
183 0 43 1 247 255 64 255 253 255 0 0 14367638
148 0 67 1 1 0 61 255 253 255 0 0 14461860
146 0 75 1 255 255 58 255 254 255 0 0 14556069
163 0 79 1 239 255 55 255 254 255 0 0 14654334
185 0 128 1 208 255 51 255 254 255 0 0 14752685
249 0 168 1 205 255 47 255 254 255 0 0 14846921
30 1 165 1 229 255 42 255 253 255 0 0 14941123
242 0 164 1 219 255 39 255 253 255 0 0 15039410
204 0 196 1 251 255 34 255 253 255 0 0 15133607
221 0 205 1 13 0 29 255 253 255 0 0 15227817
11 1 218 1 237 255 25 255 253 255 0 0 15326177
36 1 232 1 213 255 20 255 253 255 0 0 15420429
54 1 204 1 15 0 15 255 252 255 0 0 15514567
45 1 176 1 27 0 10 255 252 255 0 0 15612851
10 1 132 1 21 0 5 255 252 255 0 0 15707113
3 1 96 1 25 0 0 255 252 255 0 0 15801366
241 0 99 1 8 0 252 254 252 255 0 0 15899699
13 1 101 1 238 255 248 254 252 255 0 0 15997959
60 1 117 1 219 255 244 254 251 255 0 0 16092175
8 1 138 1 222 255 240 254 252 255 0 0 16190429
36 1 160 1 200 255 236 254 252 255 0 0 16284709
99 1 140 1 213 255 232 254 251 255 1 0 16378887
97 1 92 1 226 255 228 254 250 255 1 0 16477221
55 1 151 1 230 255 220 254 251 255 1 0 16665637
37 1 143 1 202 255 216 254 251 255 1 0 16763953
248 0 114 1 197 255 212 254 251 255 1 0 16858196
235 0 66 1 180 255 209 254 251 255 0 0 16956440
178 0 13 1 232 255 205 254 251 255 1 0 17050695
174 0 206 0 18 0 201 254 251 255 1 0 17144895
186 0 158 0 26 0 57 1 252 255 2 0 17243201
241 0 154 0 5 0 53 1 251 255 2 0 17341532
203 0 148 0 235 255 49 1 251 255 1 0 17435744
204 0 148 0 215 255 45 1 251 255 1 0 17529978
210 0 176 0 218 255 40 1 251 255 1 0 17628324
0 1 236 0 209 255 36 1 251 255 1 0 17722472
16 1 67 1 216 255 31 1 251 255 0 0 17816647
80 1 124 1 219 255 27 1 249 255 0 0 17914976
2 1 157 1 5 0 23 1 250 255 0 0 18013318
211 0 197 1 25 0 19 1 250 255 0 0 18107526
231 0 201 1 243 255 15 1 251 255 255 255 18201727
64 1 198 1 198 255 11 1 251 255 255 255 18300019
143 1 163 1 211 255 8 1 251 255 255 255 18394284
121 1 145 1 6 0 4 1 250 255 255 255 18488424
32 1 171 1 18 0 0 1 251 255 255 255 18582783
248 0 173 1 16 0 251 0 252 255 254 255 18681008
45 1 84 1 240 255 247 0 252 255 255 255 18775250
93 1 102 1 236 255 243 0 252 255 254 255 18873532
79 1 175 1 9 0 240 0 252 255 254 255 18967763
28 1 234 1 33 0 236 0 253 255 253 255 19066084
62 1 212 1 251 255 233 0 253 255 253 255 19160345
18 1 172 1 238 255 230 0 254 255 253 255 19258595
29 1 179 1 229 255 228 0 254 255 253 255 19352774
16 1 150 1 17 0 227 0 255 255 253 255 19451075
10 1 138 1 8 0 225 0 255 255 253 255 19545331
12 1 113 1 15 0 224 0 255 255 253 255 19639569
254 0 98 1 4 0 224 0 0 255 253 255 19733724
19 1 99 1 230 255 224 0 0 0 253 255 19832030
255 0 84 1 223 255 223 0 0 0 253 255 19930585
251 0 57 1 237 255 223 0 0 0 252 255 20024565
191 0 45 1 233 255 222 0 0 0 252 255 20118851
186 0 18 1 197 255 220 0 1 0 253 255 20311323
212 0 20 1 215 255 219 0 2 0 252 255 20409573
18 1 245 0 0 0 218 0 2 0 252 255 20503906
128 1 149 0 254 255 217 0 0 0 252 255 20598070
158 1 90 0 254 255 215 0 0 0 253 255 20692350
194 1 103 0 233 255 214 0 0 0 253 255 20790597
153 1 77 0 242 255 214 0 0 0 253 255 20884799
151 1 74 0 33 0 213 0 1 0 253 255 20983079
136 1 128 0 62 0 212 0 0 0 252 255 21077324
60 1 201 0 6 0 213 0 1 0 251 255 21175553
238 0 38 0 235 255 212 0 1 0 251 255 21269823
109 0 126 1 212 255 213 0 1 0 250 255 21364029
0 0 223 1 228 255 212 0 2 0 250 255 21462373
3 0 214 1 47 0 212 0 2 0 250 255 21556612
34 0 210 1 4 0 211 0 3 0 251 255 21654882
98 0 219 1 234 255 211 0 3 0 251 255 21749063
211 0 231 1 206 255 211 0 3 0 250 255 21847404
18 1 228 1 252 255 211 0 3 0 250 255 21941610
101 1 142 1 51 0 212 0 2 0 251 255 22039933
57 1 104 1 84 0 212 0 1 0 250 255 22134164
157 0 38 1 44 0 213 0 2 0 251 255 22228432
95 0 219 0 208 255 215 0 2 0 251 255 22326721
43 0 173 0 208 255 216 0 3 0 252 255 22420904
117 0 155 0 233 255 216 0 3 0 252 255 22519219
132 0 114 0 196 255 218 0 3 0 252 255 22613401
107 0 90 0 200 255 218 0 2 0 253 255 22707592
64 0 97 0 202 255 218 0 3 0 253 255 22801857
0 0 131 0 28 0 217 0 4 0 253 255 22900168
232 255 119 0 3 0 217 0 5 0 252 255 22994404
205 255 115 0 194 255 216 0 6 0 252 255 23092682
211 255 199 0 214 255 215 0 6 0 252 255 23186908
113 255 15 1 51 0 215 0 6 0 251 255 23281084
121 255 53 1 12 0 216 0 6 0 251 255 23379423
109 255 77 1 32 0 218 0 6 0 251 255 23477720
122 255 109 1 25 0 219 0 7 0 251 255 23571911
173 255 103 1 4 0 220 0 7 0 251 255 23666134
193 255 90 1 248 0 222 0 7 0 251 255 23760365
150 255 63 1 46 0 223 0 8 0 252 255 23858668
118 255 43 1 84 0 223 0 9 0 252 255 23957001
175 255 237 0 111 0 224 0 9 0 253 255 24051220
147 255 147 0 66 0 226 0 9 0 253 255 24149479
148 255 75 0 237 255 227 0 9 0 254 255 24243706
152 255 13 0 207 255 229 0 9 0 254 255 24337952
187 255 225 255 198 255 230 0 10 0 254 255 24436330
241 255 161 255 198 255 230 0 9 0 255 255 24530462
224 255 178 255 215 255 231 0 9 0 255 255 24628832
2 0 227 255 145 255 232 0 9 0 254 255 24722985
250 255 77 255 172 255 232 0 9 0 253 255 24817249
212 255 137 0 27 0 232 0 9 0 253 255 24911423
181 255 215 0 73 0 233 0 10 0 252 255 25009768
3 0 27 1 47 0 234 0 9 0 251 255 25103929
19 0 106 1 37 0 237 0 9 0 250 255 25202324
255 255 125 1 22 0 239 0 9 0 250 255 25296636
236 255 91 1 16 0 243 0 9 0 250 255 25394837
189 255 39 1 255 255 247 0 10 0 251 255 25489026
200 255 193 0 67 0 252 0 11 0 251 255 25583216
207 255 137 0 39 0 2 1 10 0 252 255 25681469
198 255 84 0 39 0 13 1 11 0 252 255 25874074
241 255 29 0 12 0 25 1 10 0 251 255 26066547
5 0 207 255 1 0 30 1 10 0 252 255 26160770
55 0 155 255 232 255 36 1 9 0 252 255 26255013
67 0 154 255 234 255 42 1 9 0 252 255 26353344
65 0 136 255 241 255 47 1 8 0 252 255 26447510
66 0 113 255 26 0 52 1 8 0 252 255 26545839
88 0 153 255 243 255 58 1 8 0 252 255 26640058
64 0 253 255 24 0 209 254 8 0 251 255 26832598
44 0 213 255 3 0 214 254 8 0 251 255 26926791
247 255 225 255 251 255 220 254 8 0 252 255 27025054
204 255 2 0 0 0 226 254 10 0 251 255 27119301
7 0 22 0 225 255 230 254 10 0 252 255 27217640
56 0 235 255 216 255 235 254 10 0 252 255 27311796
95 0 159 255 231 255 240 254 9 0 252 255 27406055
150 0 39 255 235 255 245 254 9 0 253 255 27504375
224 0 239 254 250 255 249 254 8 0 254 255 27598569
5 1 241 254 0 0 253 254 7 0 255 255 27692794
44 1 8 255 241 255 1 255 7 0 255 255 27791119
74 1 20 255 237 255 5 255 6 0 255 255 27889386
46 1 31 255 224 255 10 255 5 0 0 0 27983623
12 1 67 255 207 255 14 255 5 0 0 0 28077828
36 1 143 255 215 255 22 255 5 0 0 0 28270378
49 1 121 255 217 255 26 255 5 0 0 0 28369477
79 1 92 255 228 255 29 255 5 0 0 0 28462907
150 1 61 255 232 255 32 255 4 0 0 0 28557120
154 1 63 255 213 255 36 255 4 0 0 0 28651374
183 1 62 255 211 255 38 255 4 0 0 0 28749657
148 1 82 255 201 255 41 255 4 0 0 0 28843828
120 1 89 255 214 255 44 255 4 0 0 0 28942109
155 1 76 255 205 255 47 255 4 0 0 0 29036362
176 1 68 255 206 255 49 255 4 0 0 0 29134664
174 1 77 255 217 255 50 255 4 0 0 0 29229084
173 1 88 255 199 255 52 255 4 0 0 0 29323138
191 1 128 255 229 255 53 255 4 0 0 0 29421450
253 1 186 255 234 255 54 255 3 0 0 0 29515585
214 1 141 255 226 255 55 255 3 0 255 255 29613916
185 1 116 255 230 255 55 255 2 0 255 255 29708258
119 1 159 255 226 255 56 255 3 0 255 255 29802430
93 1 224 255 162 255 57 255 3 0 254 255 29900685
99 1 7 0 215 255 58 255 3 0 254 255 29994891
221 1 16 0 156 255 60 255 2 0 254 255 30093208
25 2 54 0 211 255 62 255 2 0 254 255 30187400
51 2 116 0 255 255 64 255 1 0 254 255 30285675
226 1 150 0 16 255 65 255 1 0 254 255 30380013
160 1 165 0 233 255 67 255 2 0 255 255 30474234
135 1 92 0 250 255 69 255 2 0 255 255 30572436
98 1 92 0 133 0 71 255 2 0 0 0 30666665
90 1 8 0 205 255 73 255 1 0 0 0 30859275
109 1 214 255 189 255 75 255 0 0 0 0 30957511
123 1 153 255 199 255 77 255 0 0 0 0 31051746
88 1 93 255 226 255 79 255 0 0 0 0 31145957
89 1 9 255 11 0 81 255 0 0 0 0 31244337
128 1 18 255 6 0 83 255 0 0 0 0 31338477
187 1 58 255 247 255 83 255 0 0 0 0 31436770
206 1 66 255 2 0 82 255 0 0 0 0 31531017
188 1 42 255 230 255 82 255 0 0 0 0 31625206
179 1 4 255 243 255 81 255 1 0 0 0 31723510
198 1 18 255 204 255 80 255 1 0 0 0 31817764
230 1 79 255 221 255 78 255 0 0 0 0 31916021
174 1 122 255 116 0 76 255 2 0 0 0 32010263
143 1 165 255 52 0 76 255 2 0 0 0 32104516
72 1 174 255 216 255 77 255 2 0 0 0 32202794
14 1 187 255 147 255 78 255 4 0 0 0 32296994
20 1 3 0 174 255 78 255 4 0 255 255 32395348
242 0 12 0 3 0 77 255 4 0 255 255 32489514
198 0 248 255 57 0 77 255 4 0 0 0 32583732
227 0 253 255 72 0 77 255 5 0 0 0 32682030
38 1 19 0 18 0 77 255 4 0 0 0 32776225
97 1 8 0 12 0 77 255 4 0 0 0 32874565
139 1 16 0 14 0 77 255 3 0 0 0 32968785
147 1 5 0 239 255 77 255 3 0 0 0 33067075
94 1 237 255 8 0 77 255 3 0 0 0 33161329
20 1 202 255 69 0 76 255 4 0 0 0 33255471
175 1 165 255 144 255 76 255 2 0 1 0 33353857
79 1 131 255 134 255 76 255 2 0 1 0 33448045
42 1 70 255 172 255 75 255 2 0 2 0 33542199
236 0 49 255 7 0 75 255 2 0 2 0 33640558
2 1 51 255 12 0 76 255 1 0 2 0 33734767
20 1 60 255 243 255 76 255 1 0 2 0 33833069
94 1 82 255 39 0 76 255 1 0 2 0 33927426
171 1 118 255 231 255 76 255 0 0 2 0 34025572
104 1 114 255 199 255 75 255 0 0 2 0 34119801
47 1 95 255 246 255 74 255 0 0 2 0 34214056
251 0 54 255 233 255 73 255 1 0 3 0 34312350
16 1 69 255 244 255 71 255 1 0 2 0 34406500
8 1 99 255 34 0 71 255 3 0 2 0 34500774
64 1 135 255 1 0 70 255 1 0 1 0 34599055
185 0 151 255 232 255 69 255 2 0 1 0 34693329
150 0 142 255 183 255 68 255 3 0 1 0 34791590
111 0 161 255 206 255 66 255 4 0 1 0 34885817
152 0 23 0 204 255 64 255 3 0 1 0 34980074
183 0 81 0 187 255 63 255 3 0 0 0 35078364
5 1 29 0 5 0 62 255 3 0 1 0 35176629
97 1 252 255 47 0 60 255 1 0 1 0 35270903
67 1 82 255 18 0 60 255 2 0 1 0 35365107
89 1 122 0 0 0 58 255 2 0 0 0 35463362
28 1 31 0 57 0 57 255 2 0 1 0 35557552
206 0 191 255 64 0 57 255 3 0 2 0 35651808
206 0 172 255 12 0 56 255 4 0 2 0 35750106
3 1 167 255 239 255 56 255 4 0 2 0 35844338
26 1 198 255 15 0 55 255 4 0 2 0 35942679
174 0 233 255 199 255 55 255 4 0 1 0 36037080
1 0 227 255 229 255 56 255 6 0 0 0 36229505
74 0 184 255 23 0 56 255 6 0 1 0 36323608
171 0 163 255 58 0 56 255 4 0 2 0 36421925
157 0 198 255 254 255 55 255 4 0 1 0 36516148
192 0 193 255 214 255 55 255 3 0 1 0 36614491
173 0 183 255 242 255 54 255 3 0 1 0 36708629
186 0 166 255 41 0 53 255 3 0 2 0 36802863
144 0 173 255 74 0 52 255 3 0 1 0 36901186
55 0 231 255 28 0 51 255 5 0 2 0 36995440
75 0 237 255 226 255 49 255 4 0 1 0 37093690
229 255 0 0 209 255 49 255 5 0 0 0 37187922
141 255 249 255 188 255 47 255 5 0 0 0 37286204
72 255 248 255 244 255 46 255 6 0 1 0 37380483
57 255 22 0 3 0 44 255 7 0 1 0 37474648
87 255 67 0 251 255 43 255 8 0 0 0 37568910
132 255 72 0 11 0 42 255 7 0 0 0 37667211
145 255 62 0 43 0 40 255 7 0 0 0 37765514
180 255 64 0 34 0 39 255 6 0 0 0 37859663
181 255 60 0 243 255 38 255 6 0 0 0 37953916
240 255 64 0 229 255 37 255 6 0 0 0 38052208
31 0 123 0 247 255 36 255 6 0 0 0 38146477
49 0 157 0 240 255 35 255 6 0 0 0 38240685
70 0 122 0 0 0 34 255 6 0 0 0 38338998
136 0 132 0 11 0 34 255 5 0 0 0 38437333
147 0 111 0 236 255 33 255 4 0 0 0 38531499
109 0 81 0 29 0 33 255 4 0 0 0 38625727
133 0 61 0 36 0 33 255 4 0 0 0 38724038
125 0 73 0 24 0 33 255 4 0 0 0 38818239
145 0 46 0 255 255 34 255 4 0 1 0 38912486
139 0 26 0 254 255 35 255 4 0 1 0 39010737
126 0 25 0 12 0 36 255 4 0 1 0 39104982
110 0 20 0 252 255 37 255 4 0 1 0 39203400
113 0 26 0 236 255 39 255 4 0 1 0 39297525
142 0 248 255 238 255 40 255 3 0 1 0 39395851
185 0 203 255 236 255 41 255 3 0 1 0 39490004
175 0 183 255 234 255 42 255 3 0 1 0 39584244
164 0 199 255 232 255 43 255 2 0 1 0 39682536
134 0 205 255 238 255 44 255 2 0 0 0 39776814
136 0 191 255 229 255 45 255 2 0 0 0 39875076
136 0 204 255 204 255 46 255 2 0 0 0 39969373
130 0 222 255 180 255 47 255 2 0 0 0 40067636
167 0 218 255 190 255 48 255 2 0 0 0 40161819
185 0 196 255 196 255 49 255 2 0 1 0 40255944
200 0 172 255 202 255 49 255 2 0 1 0 40350239
203 0 183 255 240 255 50 255 2 0 1 0 40448565
224 0 175 255 29 255 50 255 2 0 1 0 40542794
240 0 136 255 74 0 50 255 1 0 0 0 40641082
26 1 123 255 23 0 50 255 2 0 0 0 40735334
72 1 152 255 220 255 50 255 2 0 0 0 40833545
102 1 178 255 210 255 49 255 1 0 0 0 40927820
78 1 179 255 229 255 49 255 1 0 0 0 41026100
237 0 187 255 94 0 48 255 2 0 0 0 41120325
121 0 244 255 61 0 48 255 3 0 255 255 41214558
2 0 4 0 77 0 48 255 4 0 255 255 41312844
9 0 65 0 17 0 48 255 4 0 255 255 41407111
70 0 72 0 226 255 47 255 4 0 255 255 41501377
83 0 107 0 7 0 48 255 3 0 254 255 41599612
226 255 156 0 49 0 48 255 3 0 254 255 41693850
179 255 173 0 35 0 49 255 4 0 254 255 41787982
128 255 137 0 25 0 50 255 5 0 254 255 41886352
85 255 150 0 250 255 51 255 7 0 254 255 41984627
19 0 80 0 239 255 51 255 5 0 255 255 42078895
121 0 201 255 231 255 51 255 3 0 255 255 42173093
116 0 125 255 203 255 51 255 3 0 0 0 42271384
106 0 133 255 195 255 52 255 3 0 0 0 42365606
108 0 157 255 216 255 54 255 3 0 255 255 42463872
109 0 139 255 221 255 55 255 2 0 255 255 42558194
145 0 171 255 176 255 55 255 2 0 0 0 42652414
143 0 166 255 251 255 56 255 3 0 0 0 42750681
180 0 101 255 0 0 57 255 3 0 0 0 42844829
195 0 142 255 254 255 58 255 2 0 0 0 42943144
244 0 170 255 225 255 58 255 3 0 0 0 43037341
48 1 179 255 233 255 59 255 2 0 0 0 43131607
36 1 191 255 241 255 58 255 2 0 0 0 43229963
33 1 239 255 215 255 58 255 2 0 0 0 43324125
75 1 207 255 197 255 58 255 2 0 0 0 43422409
137 1 151 255 162 255 57 255 2 0 255 255 43516693
124 1 195 255 226 255 57 255 0 0 255 255 43614943
248 0 1 0 94 0 56 255 1 0 254 255 43709173
206 0 13 0 56 0 55 255 0 0 255 255 43807457
114 0 22 0 19 0 55 255 2 0 255 255 43901682
161 0 16 0 252 255 54 255 1 0 255 255 43996236
160 0 25 0 244 255 53 255 1 0 255 255 44094209
122 0 8 0 229 255 53 255 1 0 255 255 44188447
40 0 18 0 222 255 53 255 1 0 255 255 44286717
244 255 39 0 202 255 53 255 2 0 255 255 44380964
236 255 129 0 244 255 52 255 3 0 254 255 44475188
231 255 166 0 254 255 52 255 3 0 254 255 44573546
1 0 151 0 11 0 51 255 3 0 255 255 44667686
92 0 106 0 251 255 51 255 3 0 255 255 44766032
152 0 116 0 235 255 49 255 2 0 255 255 44860291
206 0 84 0 197 255 49 255 1 0 255 255 44954453
196 0 63 0 203 255 48 255 1 0 255 255 45052801
138 0 17 0 7 0 46 255 1 0 255 255 45146962
93 0 249 255 46 0 46 255 1 0 0 0 45241231
47 0 213 255 212 255 45 255 0 0 0 0 45339486
0 0 138 255 227 255 44 255 1 0 0 0 45433729
19 0 126 255 42 0 45 255 1 0 0 0 45531998
3 0 173 255 3 0 45 255 1 0 0 0 45626253
17 0 175 255 254 255 46 255 2 0 0 0 45724504
23 0 191 255 29 0 47 255 2 0 0 0 45818762
33 0 211 255 19 0 48 255 3 0 1 0 45912980
32 0 235 255 225 255 48 255 3 0 1 0 46011405
34 0 254 255 245 255 49 255 4 0 1 0 46105561
18 0 29 0 4 0 50 255 5 0 0 0 46199676
0 0 65 0 199 255 50 255 5 0 0 0 46298007
239 255 65 0 179 255 50 255 5 0 0 0 46392216
233 255 47 0 200 255 50 255 6 0 0 0 46490523
207 255 26 0 12 0 51 255 6 0 0 0 46584780
21 0 242 255 80 0 51 255 5 0 0 0 46683041
252 255 220 255 67 0 51 255 5 0 0 0 46777361
235 255 182 255 19 0 51 255 5 0 0 0 46875610
59 0 192 255 217 255 52 255 5 0 1 0 46969840
105 0 247 255 196 255 52 255 4 0 1 0 47068106
104 0 10 0 217 255 52 255 4 0 1 0 47162360
53 0 17 0 251 255 52 255 4 0 1 0 47256552
61 0 227 255 18 0 52 255 5 0 1 0 47354830
90 0 207 255 249 255 52 255 5 0 1 0 47449068
43 0 198 255 241 255 51 255 5 0 1 0 47547369
236 255 252 255 239 255 51 255 6 0 2 0 47641590
25 0 215 255 230 255 51 255 6 0 2 0 47830054
45 0 175 255 229 255 51 255 5 0 2 0 47928340
26 0 204 255 246 255 50 255 5 0 1 0 48022617
85 0 211 255 45 0 50 255 6 0 0 0 48120857
116 0 207 255 66 0 51 255 6 0 0 0 48215077
110 0 216 255 81 0 50 255 6 0 0 0 48313334
100 0 205 255 50 0 50 255 6 0 0 0 48407579
63 0 204 255 33 0 50 255 6 0 0 0 48505894
95 0 207 255 4 0 50 255 6 0 0 0 48600129
105 0 223 255 219 255 50 255 6 0 0 0 48694370
8 0 32 0 193 255 50 255 6 0 0 0 48788592
190 255 123 0 221 255 50 255 6 0 255 255 48886837
199 255 151 0 1 0 50 255 7 0 255 255 48985177
254 255 163 0 2 0 50 255 7 0 255 255 49079361
66 0 151 0 247 255 51 255 7 0 254 255 49173599
122 0 127 0 252 255 51 255 6 0 255 255 49267868
129 0 147 0 81 0 52 255 6 0 255 255 49366173
114 0 169 0 62 0 53 255 5 0 254 255 49464389
53 0 77 0 23 0 54 255 6 0 255 255 49558609
56 0 62 0 40 0 56 255 7 0 255 255 49652868
136 0 81 0 174 255 56 255 6 0 255 255 49751192
43 0 25 0 207 255 58 255 6 0 255 255 49849475
27 0 186 255 244 255 59 255 6 0 0 0 49939822
233 255 182 255 223 255 60 255 6 0 0 0 50037922
226 255 195 255 164 255 61 255 6 0 0 0 50136214
231 255 202 255 149 255 62 255 6 0 0 0 50230417
237 255 192 255 217 255 63 255 6 0 0 0 50324629
148 255 143 255 14 0 63 255 6 0 0 0 50422943
99 255 112 255 23 0 64 255 7 0 0 0 50517150
187 255 74 255 252 255 64 255 7 0 1 0 50615474
45 0 63 255 10 0 65 255 6 0 1 0 50709715
67 0 79 255 17 0 67 255 5 0 1 0 50803881
91 0 94 255 16 0 68 255 5 0 1 0 50902173
113 0 149 255 255 0 68 255 5 0 1 0 50996453
143 0 203 255 12 0 69 255 5 0 1 0 51090642
145 0 215 255 0 0 71 255 5 0 0 0 51188990
116 0 6 0 8 0 72 255 6 0 0 0 51283199
133 0 28 0 237 255 72 255 6 0 255 255 51377390
67 0 76 0 255 255 73 255 6 0 255 255 51475742
44 0 55 0 28 0 73 255 7 0 255 255 51574042
21 0 18 0 205 255 73 255 7 0 255 255 51668224
198 0 243 255 208 255 74 255 7 0 255 255 51762408
220 255 192 255 218 255 75 255 8 0 255 255 51860824
206 255 186 255 228 255 76 255 8 0 255 255 51954989
162 255 207 255 238 255 77 255 8 0 255 255 52053390
110 255 206 255 6 0 79 255 9 0 255 255 52147488
190 255 209 255 232 255 81 255 9 0 255 255 52241658
118 0 221 255 235 255 82 255 6 0 255 255 52340043
75 0 191 255 80 0 83 255 4 0 0 0 52438318
12 0 15 0 88 0 84 255 5 0 255 255 52532532
247 255 43 0 42 0 86 255 6 0 254 255 52626746
9 0 50 0 233 255 87 255 7 0 254 255 52720989
76 0 36 0 222 255 89 255 7 0 255 255 52819361
123 0 253 255 238 255 91 255 7 0 255 255 52913464
83 0 0 0 7 0 94 255 7 0 255 255 53011806
69 0 1 0 3 0 95 255 8 0 255 255 53106008
73 0 249 255 14 0 97 255 7 0 255 255 53200263
80 0 232 255 0 0 99 255 7 0 0 0 53298524
88 0 211 255 252 255 102 255 6 0 0 0 53396830
73 0 216 255 2 0 104 255 6 0 0 0 53491101
69 0 205 255 19 0 105 255 6 0 0 0 53585357
88 0 141 255 238 0 107 255 5 0 0 0 53679483
115 0 96 255 249 255 108 255 5 0 0 0 53777804
97 0 47 255 236 255 110 255 5 0 0 0 53872032
95 0 51 255 212 255 112 255 5 0 0 0 53970358
137 0 37 255 191 255 115 255 5 0 1 0 54162829
124 0 59 255 218 255 117 255 5 0 1 0 54257082
96 0 84 255 221 255 119 255 5 0 1 0 54351439
97 0 62 255 231 255 121 255 6 0 1 0 54450055
150 0 111 255 241 255 123 255 7 0 0 0 54547897
250 0 161 255 194 255 125 255 6 0 0 0 54638059
83 1 111 255 240 255 127 255 5 0 0 0 54736324
150 1 95 255 13 0 129 255 5 0 0 0 54834643
171 1 110 255 241 255 131 255 4 0 0 0 54928811
148 1 153 255 242 255 133 255 4 0 255 255 55023071
80 1 145 255 20 0 135 255 4 0 255 255 55121334
74 1 159 255 5 0 137 255 5 0 255 255 55215603
9 1 170 255 235 255 139 255 6 0 255 255 55309845
84 1 144 255 42 0 141 255 6 0 255 255 55408124
182 0 111 255 229 0 143 255 5 0 0 0 55596554
66 0 94 255 173 255 145 255 6 0 0 0 55694772
211 0 109 255 183 255 148 255 6 0 0 0 55789089
189 255 90 255 248 255 150 255 7 0 0 0 55887377
4 0 105 255 79 0 152 255 7 0 0 0 55985678
59 0 176 255 45 0 154 255 6 0 0 0 56079889
29 0 6 0 237 255 157 255 6 0 0 0 56178218
31 0 61 0 242 255 159 255 7 0 255 255 56268433
33 0 14 0 1 0 162 255 7 0 255 255 56366656
63 0 210 255 34 0 165 255 8 0 0 0 56460866
52 0 188 255 29 0 169 255 9 0 0 0 56559199
117 0 120 255 44 0 172 255 9 0 0 0 56653366
170 0 62 255 71 0 176 255 9 0 0 0 56751726
234 0 47 255 20 0 179 255 8 0 1 0 56845953
232 0 3 255 255 255 183 255 7 0 1 0 56944195
4 1 242 254 239 255 186 255 6 0 1 0 57038454
5 1 207 254 168 255 189 255 6 0 2 0 57132628
3 1 167 254 109 255 192 255 5 0 3 0 57230982
40 1 179 254 150 255 196 255 5 0 2 0 57325182
65 1 213 254 213 255 199 255 5 0 2 0 57419371
78 1 225 254 239 255 202 255 5 0 1 0 57517678
125 1 204 254 251 255 204 255 4 0 2 0 57616035
130 1 212 254 12 0 206 255 4 0 1 0 57706146
150 1 30 255 248 255 209 255 5 0 1 0 57804481
220 1 84 255 184 255 211 255 4 0 0 0 57902732
8 2 117 255 180 255 213 255 4 0 0 0 57996955
47 2 129 255 162 255 216 255 3 0 0 0 58091446
250 1 66 255 195 255 218 255 3 0 0 0 58189530
105 1 51 255 65 0 221 255 5 0 0 0 58283689
63 1 80 255 30 0 223 255 6 0 0 0 58377924
54 1 103 255 216 255 224 255 6 0 0 0 58476198
15 1 142 255 140 255 225 255 7 0 0 0 58570477
245 0 162 255 140 255 227 255 7 0 0 0 58668771
245 0 206 255 208 255 228 255 6 0 0 0 58762954
243 0 221 255 219 255 228 255 6 0 0 0 58857189
8 1 198 255 32 0 228 255 6 0 0 0 58955494
28 1 172 255 37 0 228 255 6 0 1 0 59053800
4 1 184 255 235 255 229 255 6 0 1 0 59147999
231 1 205 255 2 0 230 255 5 0 1 0 59242203
146 0 205 255 130 0 232 255 6 0 1 0 59336434
107 0 178 255 37 0 233 255 7 0 1 0 59434718
81 0 108 255 241 255 233 255 7 0 2 0 59533070
106 0 73 255 0 0 232 255 7 0 2 0 59627346
103 0 36 255 228 0 232 255 7 0 3 0 59721503
87 0 34 255 244 255 231 255 8 0 3 0 59815698
95 0 22 255 246 255 230 255 8 0 3 0 59913979
153 0 40 255 227 255 229 255 9 0 4 0 60012340
177 0 82 255 240 255 229 255 9 0 4 0 60106514
203 0 113 255 231 255 228 255 9 0 3 0 60204840
187 0 75 255 251 255 226 255 9 0 4 0 60294972
140 0 36 255 32 0 225 255 9 0 4 0 60393373
133 0 55 255 20 0 223 255 10 0 4 0 60491623
174 0 48 255 3 0 222 255 11 0 4 0 60585803
218 0 49 255 218 255 221 255 10 0 4 0 60684134
222 0 244 254 235 255 218 255 10 0 4 0 60778368
214 0 143 254 60 0 216 255 11 0 5 0 60872574
231 0 119 254 31 0 212 255 11 0 6 0 60970784
145 0 201 254 230 255 209 255 12 0 6 0 61065073
78 0 101 255 21 0 205 255 13 0 5 0 61163387
77 0 189 255 244 255 201 255 14 0 4 0 61257574
105 0 252 255 28 0 198 255 13 0 3 0 61355857
6 0 248 255 28 0 194 255 13 0 3 0 61450083
231 255 248 255 1 0 189 255 14 0 3 0 61544414
241 255 18 0 254 255 185 255 14 0 3 0 61638565
25 0 51 0 223 255 180 255 14 0 2 0 61736850
81 0 67 0 206 255 176 255 13 0 2 0 61835150
100 0 64 0 218 255 172 255 12 0 2 0 61929356
101 0 70 0 225 255 168 255 12 0 1 0 62023527
192 0 112 0 236 255 164 255 10 0 1 0 62121816
224 0 137 0 208 255 161 255 9 0 0 0 62216088
203 0 155 0 245 255 158 255 8 0 0 0 62310355
242 0 185 0 3 0 154 255 7 0 0 0 62408590
9 1 240 0 7 0 150 255 6 0 0 0 62502795
7 1 68 1 13 0 146 255 4 0 255 255 62601136
209 0 105 1 19 0 142 255 4 0 254 255 62695387
168 0 67 1 32 0 138 255 3 0 254 255 62789565
179 0 230 0 0 0 134 255 3 0 255 255 62887930
189 0 213 0 220 255 131 255 4 0 0 0 62982094
216 0 125 0 25 0 129 255 3 0 0 0 63080451
194 0 3 0 50 0 126 255 3 0 0 0 63174626
148 0 185 255 80 0 123 255 3 0 0 0 63268840
86 0 160 255 12 0 120 255 3 0 0 0 63367132
59 0 122 255 239 255 117 255 4 0 0 0 63461356
246 255 50 0 216 255 109 255 6 0 0 0 63653943
226 255 153 0 18 0 105 255 6 0 254 255 63752236
195 255 164 0 19 0 101 255 7 0 254 255 63846409
170 255 139 0 219 255 98 255 7 0 254 255 63940660
210 255 143 0 228 255 94 255 8 0 254 255 64038916
241 255 144 0 225 255 90 255 7 0 254 255 64133165
218 255 132 0 227 255 86 255 7 0 255 255 64231497
231 255 191 0 224 255 82 255 8 0 255 255 64325718
232 255 234 0 226 255 79 255 8 0 254 255 64419899
214 255 244 0 226 255 75 255 8 0 254 255 64518270
203 255 13 1 4 0 71 255 9 0 254 255 64612496
251 255 252 0 10 0 68 255 9 0 254 255 64710749
255 255 218 0 10 0 65 255 9 0 254 255 64804988
241 255 219 0 238 255 62 255 10 0 254 255 64903230
44 0 205 0 238 255 59 255 9 0 254 255 64997511
68 0 229 0 250 255 56 255 9 0 254 255 65091677
67 0 32 1 21 0 52 255 9 0 254 255 65189954
23 0 45 1 67 0 49 255 8 0 254 255 65284236
253 255 9 1 58 0 46 255 8 0 255 255 65382505
7 0 219 0 26 0 43 255 8 0 0 0 65476726
77 0 201 0 253 255 40 255 8 0 0 0 65570939
105 0 213 0 246 255 37 255 8 0 0 0 65669228
159 0 214 0 219 255 32 255 8 0 0 0 65861769
172 0 106 0 163 255 29 255 7 0 0 0 65955956
221 0 72 0 126 255 27 255 7 0 1 0 66050201
237 0 144 0 9 0 24 255 6 0 1 0 66148497
53 0 216 0 121 0 21 255 7 0 1 0 66242731
210 255 233 0 100 0 19 255 9 0 0 0 66336926
254 255 18 1 255 255 16 255 8 0 0 0 66435261
136 255 81 1 26 0 13 255 10 0 255 255 66533569
173 255 98 1 22 0 9 255 11 0 254 255 66627754
223 255 75 1 74 0 6 255 10 0 254 255 66721994
254 255 3 1 83 0 2 255 11 0 255 255 66820329
88 0 241 0 38 0 255 254 10 0 255 255 66914523
190 0 251 0 199 255 251 254 9 0 255 255 67008726
138 0 246 0 205 255 247 254 9 0 255 255 67107062
136 0 117 1 135 255 242 254 8 0 254 255 67205346
122 0 243 1 204 255 237 254 7 0 253 255 67299557
173 0 22 2 75 255 231 254 7 0 252 255 67393841
196 0 59 2 248 255 226 254 5 0 251 255 67488017
109 0 46 2 20 0 221 254 5 0 251 255 67586340
157 0 15 2 0 0 215 254 5 0 251 255 67680529
164 0 248 1 245 255 210 254 5 0 252 255 67778819
197 0 219 1 206 255 204 254 5 0 252 255 67873065
247 0 144 1 212 255 199 254 5 0 253 255 67967234
24 1 153 1 11 0 53 1 4 0 253 255 68065549
189 0 205 1 31 0 49 1 4 0 253 255 68163849
162 0 244 1 46 0 45 1 4 0 253 255 68254036
180 0 252 1 54 0 42 1 5 0 253 255 68352311
3 1 236 1 226 255 39 1 4 0 253 255 68450625
23 1 1 2 199 255 36 1 5 0 254 255 68544823
39 1 228 1 26 0 33 1 4 0 254 255 68643104
173 0 207 1 78 0 30 1 6 0 254 255 68737354
137 0 130 1 29 0 28 1 6 0 255 255 68835757
83 0 67 1 7 0 26 1 7 0 255 255 68925831
157 0 60 1 222 255 24 1 8 0 0 0 69024118
229 0 56 1 194 255 23 1 8 0 0 0 69118392
250 0 39 1 193 255 22 1 8 0 0 0 69216601
216 0 236 0 209 255 21 1 7 0 0 0 69310825
162 0 172 0 238 255 20 1 8 0 0 0 69409103
255 0 98 0 198 255 18 1 7 0 0 0 69503356
55 1 85 0 192 255 18 1 7 0 0 0 69601716
113 1 129 0 208 255 18 1 7 0 0 0 69695870
172 1 134 0 199 255 17 1 6 0 0 0 69790077
171 1 143 0 215 255 16 1 6 0 0 0 69888383
96 1 182 0 11 0 15 1 6 0 0 0 69982593
30 1 142 0 138 0 13 1 7 0 0 0 70076804
55 1 193 0 27 0 12 1 7 0 0 0 70175303
165 0 63 1 224 255 10 1 8 0 255 255 70273426
76 0 175 1 43 0 9 1 9 0 254 255 70363535
36 0 176 1 17 0 7 1 9 0 253 255 70461924
52 0 190 1 246 255 7 1 10 0 253 255 70560171
211 0 8 2 195 255 6 1 9 0 253 255 70654385
30 1 19 2 184 255 6 1 8 0 252 255 70752725
37 1 221 1 226 255 6 1 7 0 253 255 70846980
13 1 116 1 228 255 5 1 7 0 254 255 70941192
185 0 66 1 214 255 5 1 7 0 254 255 71039462
122 0 74 1 53 0 6 1 9 0 254 255 71133695
58 0 117 1 201 255 6 1 9 0 254 255 71232036
184 255 45 1 0 0 5 1 10 0 255 255 71326262
196 255 232 0 29 0 4 1 10 0 255 255 71420391
219 255 221 0 14 0 4 1 11 0 0 0 71518731
49 0 207 0 239 255 5 1 10 0 255 255 71612976
79 0 200 0 222 255 6 1 10 0 255 255 71707152
120 0 129 0 1 0 6 1 9 0 255 255 71805465
87 0 87 0 246 255 8 1 10 0 255 255 71899678
80 0 143 0 197 255 9 1 10 0 255 255 71997975
38 0 233 0 114 0 10 1 10 0 254 255 72092206
40 0 76 1 84 0 11 1 10 0 254 255 72190473
222 255 182 1 241 255 12 1 10 0 252 255 72284752
156 255 223 1 0 0 13 1 11 0 251 255 72378988
220 255 173 1 31 0 12 1 11 0 252 255 72477234
26 0 143 1 4 0 11 1 10 0 252 255 72571447
54 0 254 1 28 0 12 1 9 0 250 255 72764001
18 0 199 1 22 0 12 1 9 0 250 255 72858243
62 0 155 1 252 255 12 1 9 0 251 255 72956520
83 0 93 1 15 0 12 1 9 0 252 255 73050693
64 0 50 1 92 0 13 1 10 0 253 255 73149023
86 0 12 1 123 0 13 1 10 0 253 255 73243233
53 0 193 0 236 255 14 1 9 0 254 255 73337450
21 0 205 0 150 255 16 1 11 0 254 255 73435728
56 0 132 0 190 255 17 1 10 0 254 255 73530773
48 0 42 0 193 255 19 1 10 0 255 255 73628425
63 0 3 0 227 255 20 1 10 0 255 255 73722558
69 0 248 255 19 0 22 1 9 0 255 255 73816774
76 0 237 255 230 255 24 1 9 0 0 0 73915029
145 0 248 255 228 255 26 1 8 0 0 0 74009226
140 0 31 0 233 255 28 1 8 0 255 255 74107522
131 0 250 255 15 0 30 1 8 0 0 0 74201800
94 0 39 0 15 0 34 1 9 0 0 0 74394329
138 0 46 0 66 0 36 1 9 0 0 0 74488540
141 0 77 0 6 0 39 1 8 0 0 0 74586814
61 0 135 0 14 0 42 1 8 0 0 0 74681037
34 0 193 0 43 0 45 1 9 0 255 255 74779350
5 0 198 0 234 255 48 1 9 0 255 255 74873565
216 255 184 0 181 255 52 1 10 0 254 255 74971899
2 0 181 0 187 255 55 1 10 0 254 255 75066065
59 0 162 0 250 255 199 254 10 0 254 255 75160378
107 0 155 0 38 0 202 254 9 0 254 255 75254526
125 0 109 0 251 255 206 254 8 0 253 255 75352869
165 0 94 0 218 255 210 254 8 0 254 255 75447039
239 0 148 0 13 0 215 254 7 0 253 255 75545380
246 0 208 0 23 0 220 254 6 0 253 255 75639617
201 0 9 1 250 255 226 254 6 0 253 255 75737880
158 0 36 1 121 0 232 254 8 0 252 255 75832093
172 0 32 1 104 0 237 254 7 0 252 255 75930386
97 0 163 0 252 255 243 254 7 0 252 255 76024574
110 0 108 0 238 255 248 254 7 0 252 255 76118863
72 0 53 0 222 255 254 254 6 0 252 255 76217124
39 0 249 255 243 255 3 255 7 0 252 255 76311388
18 0 208 255 237 255 8 255 6 0 252 255 76409693
234 255 189 255 232 255 13 255 7 0 252 255 76503884
235 255 168 255 18 0 19 255 7 0 253 255 76602409
241 255 166 255 253 255 24 255 8 0 253 255 76696402
244 255 217 255 220 255 29 255 8 0 253 255 76794773
244 255 247 255 242 255 33 255 8 0 253 255 76888942
14 0 4 0 9 0 38 255 8 0 253 255 76983082
14 0 11 0 0 0 43 255 8 0 253 255 77077318
45 0 21 0 254 255 48 255 9 0 253 255 77175688
112 0 28 0 253 255 52 255 9 0 253 255 77273976
176 0 232 255 0 255 57 255 8 0 253 255 77364091
159 0 223 255 21 0 62 255 8 0 253 255 77462415
154 0 237 255 17 0 66 255 9 0 253 255 77560722
142 0 241 255 241 255 71 255 9 0 253 255 77654926
152 0 222 255 247 255 75 255 9 0 253 255 77753233
193 0 179 255 213 255 80 255 9 0 253 255 77847407
183 0 167 255 203 255 84 255 9 0 253 255 77941667
201 0 186 255 202 255 89 255 10 0 252 255 78039987
243 0 194 255 180 255 93 255 10 0 252 255 78134218
253 0 195 255 197 255 97 255 9 0 252 255 78228368
240 0 195 255 204 255 105 255 9 0 253 255 78420913
213 0 181 255 202 255 109 255 9 0 253 255 78519233
234 0 199 255 196 255 113 255 9 0 254 255 78613434
18 1 218 255 187 255 117 255 8 0 254 255 78711763
60 1 219 255 180 255 121 255 8 0 254 255 78801881
146 1 148 255 241 255 125 255 7 0 254 255 78900186
24 2 85 255 216 255 128 255 6 0 255 255 78998492
80 2 88 255 202 255 130 255 5 0 255 255 79092680
56 2 143 255 245 255 133 255 4 0 255 255 79186908
80 2 182 255 205 255 135 255 4 0 254 255 79379402
43 2 123 255 235 255 135 255 4 0 254 255 79477734
241 1 139 255 247 255 134 255 5 0 254 255 79572038
161 1 191 255 225 255 134 255 5 0 254 255 79670350
94 1 219 255 207 255 133 255 5 0 253 255 79764431
49 1 223 255 196 255 132 255 5 0 253 255 79858731
235 0 226 255 207 255 130 255 5 0 254 255 79952954
169 0 94 0 3 0 129 255 6 0 254 255 80051275
195 0 160 0 244 255 129 255 6 0 253 255 80149591
185 0 169 0 226 255 128 255 6 0 254 255 80243791
219 0 194 0 240 255 126 255 7 0 254 255 80338034
86 1 154 0 227 255 124 255 6 0 254 255 80436360
104 1 140 0 238 255 123 255 5 0 254 255 80530584
63 1 45 0 42 0 120 255 6 0 254 255 80628752
107 1 231 255 117 0 119 255 6 0 255 255 80723050
26 1 158 255 169 255 119 255 6 0 0 0 80821357
254 0 189 255 225 255 120 255 6 0 0 0 80915593
124 0 179 255 5 0 121 255 7 0 0 0 81013856
58 0 153 255 224 255 122 255 7 0 0 0 81108072
56 0 178 255 184 255 124 255 9 0 0 0 81202367
140 0 211 255 137 255 125 255 8 0 0 0 81300612
113 0 206 255 136 255 126 255 9 0 0 0 81394831
113 0 180 255 205 255 127 255 9 0 0 0 81489071
42 0 134 255 31 0 127 255 9 0 0 0 81583336
12 0 92 255 31 0 129 255 9 0 0 0 81681592
90 0 102 255 239 0 130 255 9 0 0 0 81775783
197 0 144 255 254 255 132 255 8 0 0 0 81874078
217 0 159 255 8 0 133 255 7 0 0 0 81968384
202 0 202 255 30 0 132 255 7 0 0 0 82066611
3 1 241 255 25 0 132 255 7 0 255 255 82160806
82 1 225 255 226 255 131 255 6 0 0 0 82255043
116 1 213 255 148 255 130 255 6 0 0 0 82353393
157 1 217 255 147 255 129 255 6 0 0 0 82451639
126 1 216 255 241 255 129 255 7 0 255 255 82545936
75 1 163 255 62 0 127 255 7 0 0 0 82640069
48 1 145 255 10 0 127 255 7 0 0 0 82734367
0 1 203 255 237 255 127 255 8 0 0 0 82832632
177 0 229 255 241 255 126 255 8 0 0 0 82926801
95 0 211 255 233 255 125 255 9 0 0 0 83025170
68 0 180 255 211 255 124 255 9 0 0 0 83119369
84 0 249 255 196 255 122 255 9 0 0 0 83217661
100 0 59 255 252 255 122 255 9 0 255 255 83311890
123 0 63 0 84 0 121 255 8 0 255 255 83406070
106 0 37 0 41 0 121 255 8 0 255 255 83504410
120 0 77 0 255 255 121 255 8 0 255 255 83598634
175 0 102 0 46 0 121 255 8 0 255 255 83692803
246 0 41 0 239 255 121 255 7 0 255 255 83791124
142 0 24 0 41 0 122 255 8 0 255 255 83885417
116 0 3 0 62 0 123 255 8 0 0 0 83983649
42 0 253 255 10 0 123 255 9 0 0 0 84077847
70 0 243 255 204 255 124 255 9 0 0 0 84176186
125 0 212 255 145 255 125 255 9 0 0 0 84270362
106 0 198 255 170 255 125 255 9 0 0 0 84364595
102 0 143 255 247 255 126 255 9 0 0 0 84462961
96 0 97 255 219 255 126 255 8 0 0 0 84557237
96 0 77 255 188 255 126 255 8 0 0 0 84655496
191 0 62 255 200 255 127 255 8 0 0 0 84749657
247 0 74 255 226 255 128 255 6 0 0 0 84847997
210 0 78 255 15 0 128 255 6 0 0 0 84942228
251 0 70 255 252 255 128 255 6 0 0 0 85036390
1 1 116 255 198 255 129 255 6 0 0 0 85134725
11 1 206 255 184 255 129 255 6 0 255 255 85228932
14 1 247 255 232 255 130 255 6 0 255 255 85327240
55 1 199 255 39 0 130 255 6 0 255 255 85421473
250 0 188 255 18 0 130 255 6 0 0 0 85519753
160 0 197 255 47 0 131 255 7 0 0 0 85613978
163 0 204 255 51 0 132 255 7 0 0 0 85708145
162 0 195 255 156 255 133 255 8 0 0 0 85806463
146 0 222 255 193 255 134 255 7 0 0 0 85900699
117 0 209 255 197 255 134 255 7 0 0 0 85999009
16 0 129 255 6 0 134 255 8 0 0 0 86093254
38 0 136 255 248 255 135 255 8 0 0 0 86191480
145 0 171 255 229 255 135 255 6 0 0 0 86285736
128 0 207 255 27 0 136 255 6 0 0 0 86379975
86 0 212 255 60 0 137 255 5 0 0 0 86478359
67 0 226 255 17 0 138 255 7 0 0 0 86572498
129 0 236 255 207 255 139 255 7 0 0 0 86666739
183 0 235 255 149 255 141 255 8 0 0 0 86765026
212 0 244 255 202 255 142 255 9 0 0 0 86859248
26 1 225 255 11 0 144 255 8 0 0 0 86957522
227 0 168 255 238 255 147 255 8 0 0 0 87051742
178 0 118 255 78 0 149 255 9 0 1 0 87145981
190 0 160 255 22 0 151 255 9 0 1 0 87244378
188 0 175 255 176 255 153 255 9 0 2 0 87338518
5 1 193 255 180 255 155 255 9 0 1 0 87436816
22 1 160 255 0 0 157 255 7 0 1 0 87530995
208 0 252 254 237 255 163 255 6 0 2 0 87723613
249 0 236 254 243 255 164 255 6 0 1 0 87821815
43 1 11 255 202 255 167 255 5 0 1 0 88010346
117 1 72 255 223 255 169 255 5 0 0 0 88108573
199 1 105 255 254 255 170 255 4 0 0 0 88202797
132 1 123 255 211 255 172 255 4 0 0 0 88301096
57 1 170 255 6 0 173 255 6 0 0 0 88395426
204 0 194 255 247 255 175 255 7 0 0 0 88489494
166 0 145 255 234 255 175 255 8 0 0 0 88587865
194 0 188 255 113 255 176 255 8 0 0 0 88682115
173 0 227 255 189 255 178 255 7 0 0 0 88780406
179 0 231 255 202 255 178 255 7 0 0 0 88874598
173 0 227 255 14 0 179 255 7 0 0 0 88972877
182 0 214 255 57 0 179 255 6 0 0 0 89063048
194 0 2 0 248 255 180 255 6 0 0 0 89161392
29 1 53 0 237 255 181 255 6 0 255 0 89255598
16 1 38 0 253 255 182 255 6 0 255 255 89353828
211 0 207 255 98 0 183 255 6 0 0 255 89448089
65 0 188 255 83 0 184 255 7 0 0 0 89546408
76 0 128 255 207 255 185 255 7 0 0 0 89640574
207 255 50 255 254 255 188 255 10 0 1 0 89738871
237 255 76 255 230 255 189 255 11 0 1 0 89833134
67 0 116 255 175 255 188 255 10 0 1 0 89927361
134 0 102 255 221 255 188 255 10 0 1 0 90025629
214 0 81 255 58 0 189 255 8 0 1 0 90119831
161 0 93 255 58 0 189 255 7 0 1 0 90214110
95 0 115 255 14 0 189 255 8 0 0 0 90312393
207 0 120 255 175 255 190 255 8 0 0 0 90410679
16 1 99 255 136 255 190 255 8 0 0 0 90504907
252 0 98 255 185 255 190 255 8 0 0 0 90599162
149 0 102 255 77 0 190 255 8 0 1 0 90697477
97 0 130 255 110 0 189 255 10 0 1 0 90791691
70 0 150 255 244 255 189 255 9 0 0 0 90889957
232 255 160 255 247 255 188 255 11 0 0 0 90984144
61 0 140 255 220 255 187 255 10 0 0 0 91078369
44 0 166 255 192 255 186 255 9 0 0 0 91176700
48 0 169 255 208 255 185 255 9 0 0 0 91270984
3 0 189 255 228 255 184 255 9 0 0 0 91365137
223 255 227 255 254 255 182 255 10 0 0 0 91463429
201 255 21 0 4 0 181 255 10 0 0 0 91557684
179 255 52 0 13 0 179 255 11 0 0 0 91655973
17 0 79 0 14 0 177 255 11 0 0 0 91750146
117 0 88 0 13 0 175 255 10 0 0 0 91844417
142 0 52 0 5 0 173 255 9 0 0 0 91942739
156 0 46 0 9 0 170 255 9 0 0 0 92041060
177 0 60 0 248 255 168 255 9 0 0 0 92135279
180 0 96 0 35 0 166 255 9 0 0 0 92229466
159 0 40 0 11 0 165 255 9 0 0 0 92327782
165 0 231 255 71 0 164 255 9 0 0 0 92422051
122 0 184 255 67 0 162 255 9 0 1 0 92520291
101 0 169 255 58 0 161 255 9 0 2 0 92614482
73 0 225 255 1 0 160 255 10 0 2 0 92712785
94 0 223 255 184 255 159 255 10 0 2 0 92802937
103 0 172 255 146 255 158 255 10 0 3 0 92901224
121 0 154 255 161 255 156 255 10 0 3 0 92995431
84 0 156 255 232 255 154 255 10 0 3 0 93093754
89 0 144 255 3 255 152 255 10 0 4 0 93188019
81 0 128 255 14 0 149 255 10 0 4 0 93286255
81 0 139 255 251 255 147 255 10 0 4 0 93380520
91 0 144 255 17 0 145 255 11 0 4 0 93474705
159 0 127 255 226 255 143 255 10 0 4 0 93572980
204 0 164 255 165 255 140 255 10 0 4 0 93667250
187 0 199 255 39 0 137 255 9 0 4 0 93765543
53 0 172 255 36 0 134 255 11 0 5 0 93958105
35 0 201 255 56 0 132 255 11 0 4 0 94052304
195 255 242 255 53 0 130 255 12 0 4 0 94150583
226 255 21 0 39 0 128 255 11 0 3 0 94240730
177 255 69 0 245 255 125 255 11 0 3 0 94339029
61 255 74 0 239 255 122 255 12 0 3 0 94437352
255 254 54 0 34 0 120 255 13 0 3 0 94531548
66 255 66 0 42 0 118 255 13 0 2 0 94629858
120 255 66 0 250 255 116 255 13 0 1 0 94724028
242 255 74 0 221 255 114 255 11 0 1 0 94818250
240 255 99 0 240 255 111 255 10 0 1 0 94916589
150 255 114 0 36 0 110 255 11 0 1 0 95010823
213 255 122 0 0 0 108 255 11 0 1 0 95105005
202 255 156 0 218 255 107 255 11 0 0 0 95203385
154 255 169 0 17 0 107 255 12 0 0 0 95297545
204 255 100 0 107 0 106 255 13 0 1 0 95395873
21 0 90 0 2 0 106 255 11 0 1 0 95490096
232 0 143 0 242 255 105 255 12 0 1 0 95584278
24 0 129 0 17 0 104 255 11 0 1 0 95682596
24 0 122 0 237 255 104 255 10 0 1 0 95776817
240 255 174 0 212 255 104 255 10 0 1 0 95875091
214 255 172 0 215 255 104 255 12 0 0 0 95969354
53 0 196 0 0 0 104 255 11 0 0 0 96067628
77 0 201 0 5 0 104 255 11 0 0 0 96161847
78 0 178 0 7 0 104 255 11 0 0 0 96256157
10 0 239 255 248 255 104 255 11 0 1 0 96448660
16 0 183 255 255 255 104 255 10 0 1 0 96546902
24 0 159 255 23 0 105 255 9 0 1 0 96641153
39 0 157 255 254 255 107 255 8 0 2 0 96739397
77 0 158 255 255 255 108 255 7 0 2 0 96833596
59 0 228 255 255 255 110 255 6 0 1 0 96927849
8 0 244 255 231 255 111 255 5 0 1 0 97026148
229 255 7 0 229 255 113 255 5 0 0 0 97120358
11 0 27 0 8 0 114 255 4 0 0 0 97218699
243 255 61 0 7 0 116 255 4 0 0 0 97312891
235 255 116 0 19 0 118 255 4 0 0 0 97407105
204 255 172 0 231 255 120 255 4 0 255 255 97505419
227 255 155 0 201 255 122 255 5 0 255 255 97599623
57 0 196 0 239 255 124 255 5 0 254 255 97697912
121 0 221 0 213 255 126 255 4 0 254 255 97792167
221 0 18 1 222 255 127 255 4 0 254 255 97886428
52 1 112 1 244 255 130 255 3 0 253 255 97984749
38 1 125 1 216 255 133 255 3 0 253 255 98078918
225 0 84 1 242 255 136 255 3 0 254 255 98177215
155 0 226 0 77 0 141 255 5 0 254 255 98271412
116 0 138 0 79 0 145 255 6 0 255 255 98365655
83 0 103 0 241 255 150 255 7 0 255 255 98463936
96 0 106 0 237 255 154 255 7 0 255 255 98558206
72 0 91 0 212 255 158 255 8 0 254 255 98656556
75 0 29 0 243 255 162 255 8 0 254 255 98750722
146 0 207 255 236 255 165 255 7 0 255 255 98849011
115 0 166 255 8 0 170 255 7 0 255 255 98943235
88 0 172 255 255 255 174 255 7 0 255 255 99037403
55 0 169 255 1 0 179 255 7 0 254 255 99135754
78 0 155 255 255 255 184 255 7 0 255 255 99229946
180 0 124 255 204 255 190 255 6 0 0 0 99328257
39 1 47 255 212 255 197 255 4 0 0 0 99422465
234 0 12 255 3 0 203 255 4 0 0 0 99516739
160 0 24 255 54 0 208 255 5 0 255 255 99614974
109 0 72 255 42 0 212 255 6 0 254 255 99709240
119 0 162 255 173 255 217 255 6 0 253 255 99803653
186 0 34 0 150 255 221 255 5 0 252 255 99901731
140 0 188 0 217 255 225 255 6 0 250 255 99995946
216 0 210 0 222 255 228 255 5 0 250 255 100094228
249 0 210 0 251 255 231 255 5 0 250 255 100188488
219 0 213 0 50 0 235 255 6 0 250 255 100286825
224 0 92 0 24 0 239 255 6 0 251 255 100380987
166 0 25 0 250 255 244 255 7 0 253 255 100475230
180 0 195 255 12 0 250 255 7 0 254 255 100569463
206 0 66 255 232 255 255 255 7 0 0 0 100667772
211 0 11 255 216 255 4 0 7 0 0 0 100765997
234 0 9 255 201 255 9 0 6 0 0 0 100860256
239 0 229 254 183 255 14 0 6 0 1 0 100954523
2 1 206 254 204 255 19 0 7 0 1 0 101052755
48 1 215 254 193 255 25 0 6 0 0 0 101146977
73 1 79 255 193 255 30 0 6 0 0 0 101245371
55 1 166 255 222 255 35 0 6 0 255 255 101339563
19 1 243 255 230 255 40 0 7 0 254 255 101433693
16 1 32 0 226 255 44 0 7 0 253 255 101532021
241 0 22 0 15 0 49 0 8 0 252 255 101626302
253 0 227 255 30 0 55 0 8 0 252 255 101724582
223 0 184 255 226 255 60 0 9 0 253 255 101818865
1 1 205 255 160 255 66 0 9 0 253 255 101913014
39 1 203 255 187 255 72 0 9 0 253 255 102011355
36 1 124 255 226 255 78 0 9 0 253 255 102105586
67 1 82 255 193 255 82 0 9 0 254 255 102203869
82 1 54 255 194 255 88 0 8 0 254 255 102298007
66 1 62 255 254 255 94 0 9 0 253 255 102392290
90 1 116 255 225 255 99 0 8 0 253 255 102490622
121 1 126 255 211 255 104 0 8 0 254 255 102585035
133 1 126 255 222 255 109 0 7 0 254 255 102683107
140 1 76 255 28 0 113 0 7 0 255 255 102777387
94 1 63 255 3 0 118 0 7 0 0 0 102875611
149 1 92 255 196 255 121 0 6 0 0 0 102969886
197 1 135 255 138 255 125 0 6 0 255 255 103068155
195 1 106 255 211 255 128 0 6 0 255 255 103162363
209 1 5 255 234 255 130 0 7 0 0 0 103256596
223 1 9 255 220 255 133 0 7 0 0 0 103354881
7 2 102 255 155 255 136 0 7 0 0 0 103449123
6 2 160 255 191 255 139 0 7 0 0 0 103543401
182 1 140 255 235 255 142 0 7 0 0 0 103641660
75 1 92 255 185 255 144 0 8 0 1 0 103735846
69 1 140 255 227 255 145 0 9 0 1 0 103830072
94 1 225 255 229 255 148 0 9 0 0 0 104026700
147 1 189 255 196 255 150 0 8 0 0 0 104120881
117 1 199 255 205 255 152 0 8 0 1 0 104215113
168 1 252 255 216 255 154 0 8 0 1 0 104313400
207 1 254 255 245 255 156 0 8 0 1 0 104407616
228 1 227 255 206 255 158 0 8 0 1 0 104505941
35 2 222 255 189 255 159 0 7 0 1 0 104600169
87 2 253 255 236 255 161 0 7 0 1 0 104694394
100 2 47 0 213 255 162 0 6 0 1 0 104792700
55 2 69 0 16 0 164 0 5 0 0 0 104886926
220 1 242 255 70 0 165 0 6 0 0 0 104985210
137 1 164 255 74 0 166 0 6 0 0 0 105079420
242 0 143 255 30 0 168 0 7 0 1 0 105173650
251 0 189 255 194 255 170 0 8 0 1 0 105272003
239 0 209 255 88 255 171 0 9 0 1 0 105366158
7 1 132 255 205 255 173 0 8 0 1 0 105464440
7 1 45 255 33 0 174 0 8 0 2 0 105558694
47 1 84 255 14 0 176 0 9 0 3 0 105656991
96 1 146 255 206 255 178 0 8 0 2 0 105751192
96 1 178 255 164 255 180 0 9 0 2 0 105849545
121 1 153 255 168 255 181 0 9 0 2 0 105939617
47 1 169 255 180 255 181 0 9 0 1 0 106037961
226 0 217 255 29 0 181 0 10 0 1 0 106136236
181 0 215 255 3 0 182 0 11 0 1 0 106230542
252 0 1 0 225 255 183 0 10 0 1 0 106328753
180 0 212 255 186 255 184 0 10 0 0 0 106422988
169 0 182 255 217 255 185 0 10 0 1 0 106517239
207 0 213 255 47 0 186 0 11 0 1 0 106611433
246 0 36 0 236 255 187 0 11 0 1 0 106709729
48 1 82 0 238 255 187 0 10 0 1 0 106803940
104 1 64 0 236 255 187 0 9 0 1 0 106902249
127 1 94 0 229 255 188 0 8 0 1 0 106996487
127 1 120 0 239 255 190 0 8 0 1 0 107090714
127 1 107 0 254 255 192 0 8 0 1 0 107189021
85 1 110 0 79 0 195 0 9 0 1 0 107287359
69 1 66 0 19 0 198 0 9 0 0 0 107381554
77 1 71 0 233 255 202 0 9 0 0 0 107475769
21 1 61 0 221 255 206 0 10 0 0 0 107574068
45 1 84 0 225 255 211 0 10 0 0 0 107668288
49 1 96 0 188 255 217 0 10 0 255 255 107766597
51 1 72 0 217 255 223 0 9 0 255 255 107860821
46 1 39 0 194 255 229 0 9 0 255 255 107959104
19 1 246 255 223 255 235 0 9 0 254 255 108053360
1 1 208 255 230 255 242 0 10 0 255 255 108147564
55 1 177 255 191 255 248 0 10 0 255 255 108245854
88 1 204 255 198 255 255 0 10 0 254 255 108340041
104 1 9 0 216 255 5 1 10 0 254 255 108438360
173 1 209 255 150 255 12 1 9 0 254 255 108532637
210 1 137 255 187 255 18 1 8 0 255 255 108626822
202 1 103 255 225 255 25 1 7 0 255 255 108725071
189 1 90 255 197 255 32 1 7 0 0 0 108819348
197 1 93 255 158 255 38 1 7 0 0 0 108913494
220 1 102 255 221 255 45 1 6 0 0 0 109011840
24 2 109 255 8 0 52 1 6 0 0 0 109106081
109 2 116 255 5 0 58 1 4 0 0 0 109204385
140 2 168 255 205 255 204 254 4 0 1 0 109298642
169 2 31 0 140 255 208 254 3 0 1 0 109392845
106 2 130 0 126 255 212 254 4 0 0 0 109491067
120 2 211 0 172 255 217 254 4 0 255 255 109585389
106 2 138 0 64 0 219 254 3 0 255 255 109683648
66 2 67 0 94 0 221 254 4 0 0 0 109777826
13 2 64 0 210 0 222 254 4 0 0 0 109872070
115 1 167 0 195 255 224 254 5 0 0 0 109970400
43 1 235 0 209 255 225 254 6 0 0 0 110068643
11 1 185 0 203 255 225 254 6 0 0 0 110158854
40 1 153 0 255 255 224 254 7 0 0 0 110257153
114 1 192 0 16 0 222 254 7 0 1 0 110355432
234 1 197 0 220 255 220 254 6 0 1 0 110449610
248 1 173 0 220 255 219 254 5 0 2 0 110543818
220 1 140 0 237 255 218 254 5 0 2 0 110642190
128 1 71 0 17 0 215 254 6 0 2 0 110740477
17 1 99 0 99 0 213 254 8 0 1 0 110834645
249 0 142 0 243 255 210 254 10 0 1 0 110928842
0 1 137 0 194 255 206 254 9 0 1 0 111027208
158 0 98 0 224 255 203 254 10 0 1 0 111121402
90 0 80 0 195 255 200 254 10 0 1 0 111215648
75 0 67 0 205 255 55 1 11 0 1 0 111313917
208 0 37 0 230 255 51 1 11 0 2 0 111408143
59 1 7 0 201 255 46 1 9 0 2 0 111506471
134 1 12 0 190 255 41 1 7 0 2 0 111600728
134 1 15 0 215 255 36 1 7 0 2 0 111694903
76 1 204 255 255 255 30 1 7 0 2 0 111793358
244 0 255 255 7 0 23 1 8 0 2 0 111887418
224 0 107 0 239 255 16 1 9 0 1 0 111981659
156 0 181 0 85 0 10 1 9 0 1 0 112079916
54 0 163 0 77 0 4 1 11 0 0 0 112178285
70 0 162 0 223 255 254 0 11 0 0 0 112272469
64 0 175 0 175 255 248 0 12 0 1 0 112366753
122 0 45 0 151 255 243 0 11 0 1 0 112460892
96 0 144 1 156 255 238 0 10 0 0 0 112559177
157 0 141 1 223 255 233 0 10 0 0 0 112653403
215 0 133 1 236 255 229 0 10 0 0 0 112751706
197 0 130 1 28 0 225 0 10 0 0 0 112845969
197 0 142 1 247 255 221 0 11 0 0 0 112940223
2 1 61 1 204 255 217 0 11 0 0 0 113038466
2 1 231 0 238 255 215 0 12 0 0 0 113136749
246 0 226 0 87 0 213 0 13 0 0 0 113230960
242 0 215 0 13 0 211 0 13 0 0 0 113325177
11 1 163 0 169 255 210 0 12 0 0 0 113419428
151 0 142 0 0 0 208 0 13 0 0 0 113517766
88 0 139 0 98 0 207 0 13 0 0 0 113616032
5 0 26 0 23 0 206 0 14 0 1 0 113710311
225 255 227 255 219 255 205 0 14 0 2 0 113804469
57 0 240 255 177 255 204 0 13 0 2 0 113902785
59 0 252 255 219 255 203 0 12 0 2 0 113997000
17 0 247 255 47 0 203 0 11 0 2 0 114095373
194 255 240 255 18 0 201 0 12 0 2 0 114189462
149 0 10 0 192 255 199 0 12 0 3 0 114382023
172 0 80 0 184 255 197 0 11 0 2 0 114476288
138 0 40 0 23 0 193 0 11 0 2 0 114570714
103 0 244 255 111 0 189 0 11 0 3 0 114668757
104 0 253 255 20 0 185 0 11 0 4 0 114762980
76 0 57 0 46 0 180 0 12 0 4 0 114861451
92 0 93 0 49 0 176 0 12 0 3 0 114955516
85 0 191 0 250 255 173 0 11 0 3 0 115053818
33 0 34 1 220 255 168 0 11 0 2 0 115148056
35 0 15 1 209 255 164 0 11 0 2 0 115246366
0 0 18 1 235 255 161 0 12 0 2 0 115340573
25 0 20 1 217 255 158 0 12 0 1 0 115434844
18 0 251 0 1 0 157 0 13 0 1 0 115533129
21 0 207 0 10 0 152 0 13 0 0 0 115725626
57 0 248 0 224 255 151 0 13 0 0 0 115819806
104 0 16 1 230 255 149 0 13 0 255 255 115914042
103 0 245 0 234 255 148 0 13 0 255 255 116012437
148 0 242 0 227 255 146 0 13 0 255 255 116106556
164 0 240 0 228 255 144 0 13 0 255 255 116200763
120 0 32 1 29 0 143 0 13 0 255 255 116299077
31 0 54 1 71 0 142 0 14 0 255 255 116393350
5 0 59 1 4 0 141 0 14 0 254 255 116491620
48 0 18 1 176 255 139 0 15 0 254 255 116585784
126 0 14 1 206 255 137 0 14 0 254 255 116684153
208 0 21 1 8 0 136 0 13 0 254 255 116778374
69 0 244 0 6 0 134 0 12 0 254 255 116872588
172 1 203 0 226 255 133 0 10 0 255 255 116970872
130 1 161 0 25 0 131 0 9 0 0 0 117065321
81 1 188 0 26 0 129 0 8 0 0 0 117163373
31 1 224 0 45 0 125 0 9 0 0 0 117257669
191 0 226 0 72 0 122 0 11 0 255 255 117351814
60 1 229 0 208 255 119 0 9 0 255 255 117450117
62 1 237 0 176 255 115 0 7 0 254 255 117544402
193 0 242 0 238 255 112 0 8 0 255 255 117642692
88 0 22 1 10 0 108 0 8 0 255 255 117736940
13 0 46 1 6 0 106 0 9 0 254 255 117831079
239 255 29 1 0 0 104 0 10 0 254 255 117929397
53 0 29 1 7 0 102 0 10 0 254 255 118023668
138 0 53 1 22 0 100 0 9 0 255 255 118121955
130 0 49 1 25 0 97 0 10 0 255 255 118216132
149 0 246 0 17 0 94 0 9 0 255 255 118314450
103 0 184 0 19 0 91 0 10 0 255 255 118408713
141 0 208 0 188 255 87 0 10 0 254 255 118506981
127 0 230 0 213 255 83 0 11 0 254 255 118601182
127 0 45 1 4 0 79 0 10 0 254 255 118695443
48 0 111 1 3 0 76 0 11 0 253 255 118793781
233 255 157 1 12 0 74 0 12 0 252 255 118887920
250 255 166 1 233 255 72 0 12 0 251 255 118986175
239 255 196 1 233 255 70 0 12 0 251 255 119080438
16 0 255 1 20 0 69 0 12 0 251 255 119174665
60 0 28 2 21 0 68 0 11 0 251 255 119272961
86 0 250 1 17 0 68 0 11 0 251 255 119367148
169 0 123 1 223 255 70 0 11 0 252 255 119559749
166 0 115 1 222 255 71 0 12 0 253 255 119653949
202 0 171 1 223 255 72 0 12 0 252 255 119752258
192 0 143 1 243 255 74 0 13 0 252 255 119846476
171 0 128 1 99 0 77 0 14 0 252 255 119944734
127 0 103 1 31 0 79 0 14 0 253 255 120038981
79 0 60 1 118 0 81 0 15 0 253 255 120137231
24 0 33 1 44 0 83 0 16 0 253 255 120231511
8 0 206 0 247 255 85 0 17 0 253 255 120329798
7 0 112 0 22 0 88 0 17 0 254 255 120424046
254 255 51 0 239 255 91 0 17 0 254 255 120518282
20 0 228 255 13 0 94 0 17 0 255 255 120612513
118 0 191 255 247 255 97 0 16 0 255 255 120710761
93 0 159 255 236 255 99 0 15 0 254 255 120805002
124 0 128 255 188 255 102 0 16 0 255 255 120899212
215 0 127 255 85 255 104 0 14 0 255 255 120997499
197 0 200 255 160 255 107 0 14 0 255 255 121095776
173 0 51 0 202 0 109 0 14 0 253 255 121190006
123 0 102 0 173 0 111 0 14 0 253 255 121284208
58 0 137 0 45 0 113 0 12 0 253 255 121378501
118 255 201 0 210 255 116 0 15 0 252 255 121476790
80 255 4 1 215 255 121 0 14 0 251 255 121669345
12 255 41 1 26 0 123 0 15 0 251 255 121763499
79 255 59 1 59 0 125 0 15 0 250 255 121861854
134 255 59 1 57 0 128 0 14 0 250 255 121956060
152 255 2 1 61 0 130 0 13 0 250 255 122050251
201 255 218 0 57 0 133 0 13 0 250 255 122148505
243 255 239 0 98 0 136 0 13 0 251 255 122242775
14 0 6 1 43 0 140 0 14 0 251 255 122341090
122 0 17 1 10 0 146 0 13 0 251 255 122435386
57 0 241 0 76 0 152 0 14 0 251 255 122533589
73 0 182 0 82 0 158 0 13 0 251 255 122627808
37 0 80 0 22 0 165 0 13 0 251 255 122722059
214 255 20 0 236 255 171 0 14 0 252 255 122820409
6 0 241 255 210 255 176 0 13 0 252 255 122914546
8 0 207 255 236 255 181 0 13 0 252 255 123012861
12 0 154 255 244 255 185 0 13 0 252 255 123107093
238 255 88 255 219 255 189 0 13 0 252 255 123201388
7 0 52 255 209 255 193 0 13 0 253 255 123299580
242 255 29 255 204 255 198 0 13 0 253 255 123397896
8 0 31 255 179 255 202 0 14 0 254 255 123492118
102 0 45 255 189 255 207 0 14 0 254 255 123586397
166 0 70 255 211 255 212 0 14 0 254 255 123680565
217 0 125 255 210 255 217 0 13 0 254 255 123778875
221 0 207 255 222 255 221 0 12 0 253 255 123877187
233 0 245 255 228 255 224 0 11 0 252 255 123971437
11 1 206 255 218 255 227 0 10 0 252 255 124065645
28 1 209 255 204 255 231 0 9 0 252 255 124163907
39 1 235 255 223 255 234 0 8 0 251 255 124258938
41 1 14 0 19 0 237 0 8 0 251 255 124352393
6 1 37 0 24 0 240 0 8 0 250 255 124450662
242 0 60 0 245 255 243 0 9 0 249 255 124544884
2 1 83 0 171 255 247 0 9 0 249 255 124737384
222 0 101 0 207 255 248 0 9 0 249 255 124831639
4 1 115 0 199 255 250 0 9 0 248 255 124929889
251 0 102 0 238 255 253 0 9 0 248 255 125024148
235 0 62 0 7 0 255 0 10 0 247 255 125122478
6 1 42 0 0 0 2 1 9 0 248 255 125216754
195 0 59 0 232 255 4 1 8 0 247 255 125314957
132 0 66 0 215 255 6 1 9 0 248 255 125409185
158 0 118 0 249 255 7 1 9 0 248 255 125503436
237 0 141 0 217 255 10 1 9 0 248 255 125601685
7 1 221 0 215 255 14 1 8 0 247 255 125700007
245 0 21 1 228 255 17 1 8 0 247 255 125794316
215 0 241 0 59 0 21 1 9 0 247 255 125888485
142 0 139 0 40 0 25 1 10 0 248 255 125982651
194 0 255 255 67 0 30 1 9 0 250 255 126081007
207 0 146 255 255 255 34 1 9 0 251 255 126175178
205 0 112 255 200 255 38 1 10 0 252 255 126273486
14 1 115 255 146 255 42 1 10 0 252 255 126367687
65 1 155 255 173 255 46 1 9 0 252 255 126461891
108 1 160 255 185 255 51 1 8 0 251 255 126560217
159 1 225 255 228 255 55 1 7 0 251 255 126654428
189 1 249 255 237 255 201 254 6 0 250 255 126748878
188 1 212 255 170 255 205 254 6 0 250 255 126846995
182 1 178 255 169 255 210 254 5 0 251 255 126945339
167 1 163 255 163 255 215 254 5 0 251 255 127039538
207 1 175 255 182 255 219 254 4 0 251 255 127133731
186 1 154 255 232 255 224 254 4 0 251 255 127232023
92 1 78 255 196 255 228 254 4 0 252 255 127326235
135 1 36 255 180 255 231 254 4 0 253 255 127424566
122 1 72 255 196 255 235 254 4 0 253 255 127518792
162 1 143 255 216 255 239 254 4 0 253 255 127613002
12 2 203 255 200 255 242 254 4 0 252 255 127711299
42 2 230 255 188 255 246 254 4 0 252 255 127805536
21 2 252 255 200 255 250 254 4 0 252 255 127903812
228 1 3 0 206 255 253 254 5 0 251 255 127998050
125 1 34 0 244 255 0 255 6 0 251 255 128096366
85 1 36 0 242 255 2 255 7 0 250 255 128190554
173 1 28 0 216 255 6 255 8 0 251 255 128284781
246 1 23 0 103 255 9 255 6 0 252 255 128378970
77 1 17 0 157 255 12 255 7 0 252 255 128477275
229 0 42 0 6 0 16 255 7 0 251 255 128575575
115 0 58 0 37 0 20 255 9 0 251 255 128669826
142 0 65 0 241 255 24 255 10 0 251 255 128764004
38 1 98 0 16 0 27 255 10 0 250 255 128862337
108 1 112 0 39 0 34 255 8 0 250 255 129050774
111 1 131 0 250 255 38 255 8 0 250 255 129149075
62 1 100 0 248 255 42 255 8 0 250 255 129247413
84 1 55 0 255 255 47 255 8 0 251 255 129341606
41 1 10 0 12 0 51 255 9 0 252 255 129435766
50 1 168 255 229 255 55 255 8 0 253 255 129530042
10 1 63 255 229 255 58 255 9 0 255 255 129628363
5 1 128 255 199 255 62 255 9 0 255 255 129722562
41 1 184 255 200 255 65 255 8 0 255 255 129820820
17 1 223 255 11 0 69 255 8 0 255 255 129915080
51 1 179 255 22 0 71 255 8 0 255 255 130009350
78 1 132 255 217 255 74 255 8 0 0 0 130107608
109 1 123 255 169 255 76 255 8 0 0 0 130201854
158 1 105 255 148 255 77 255 8 0 0 0 130300168
86 2 96 255 95 255 81 255 7 0 1 0 130492651
101 2 140 255 146 255 83 255 6 0 1 0 130586884
138 2 170 255 188 255 84 255 5 0 1 0 130685176
130 2 160 255 171 255 86 255 6 0 1 0 130779380
134 2 164 255 178 255 87 255 7 0 1 0 130873636
152 2 160 255 129 255 88 255 7 0 1 0 130971893
209 2 196 255 91 255 87 255 6 0 1 0 131066127
64 2 172 255 141 0 86 255 5 0 1 0 131258688
160 1 167 255 59 0 85 255 6 0 1 0 131352860
141 1 177 255 213 255 85 255 7 0 1 0 131451183
169 1 154 255 185 255 84 255 9 0 1 0 131545398
63 1 167 255 204 255 83 255 7 0 1 0 131737989
182 0 204 255 212 255 83 255 8 0 1 0 131832128
143 0 243 255 6 0 82 255 9 0 1 0 131930436
155 0 11 0 0 0 80 255 9 0 1 0 132024661
179 0 6 0 47 0 78 255 9 0 1 0 132122955
254 0 243 255 21 0 76 255 8 0 1 0 132217256
26 1 241 255 222 255 75 255 8 0 1 0 132311423
79 1 34 0 236 255 73 255 8 0 1 0 132409687
93 1 20 0 222 255 70 255 8 0 1 0 132503909
54 1 211 255 225 255 68 255 9 0 2 0 132598109
22 1 218 255 16 0 66 255 10 0 2 0 132696472
104 1 207 255 184 255 63 255 9 0 2 0 132790693
71 1 200 255 255 255 61 255 8 0 2 0 132888945
178 0 1 0 242 255 59 255 9 0 2 0 132987283
104 0 81 0 201 255 56 255 9 0 1 0 133081482
44 0 96 0 182 255 53 255 10 0 1 0 133179775
50 0 75 0 205 255 51 255 11 0 1 0 133274019
146 0 85 0 254 255 48 255 10 0 1 0 133368208
145 0 110 0 30 0 46 255 9 0 1 0 133466532
196 0 109 0 27 0 43 255 9 0 0 0 133560779
51 1 198 255 175 255 37 255 8 0 1 0 133753263
25 1 222 255 241 255 33 255 7 0 1 0 133847560
168 0 253 255 113 0 30 255 8 0 0 0 133945818
97 0 16 0 74 0 27 255 9 0 0 0 134040033
94 0 65 0 255 255 24 255 9 0 0 0 134134266
40 0 94 0 196 255 21 255 10 0 0 0 134232550
97 0 142 0 195 255 19 255 10 0 255 255 134326754
103 0 150 0 255 255 16 255 10 0 255 255 134421002
27 0 183 0 241 255 13 255 10 0 255 255 134519244
235 255 237 0 244 255 11 255 11 0 254 255 134613533
248 255 22 1 242 255 8 255 11 0 254 255 134711842
96 0 18 1 204 255 6 255 11 0 254 255 134805970
2 1 27 1 205 255 4 255 10 0 254 255 134904406
124 1 234 0 222 255 3 255 8 0 254 255 134998506
237 0 197 0 206 255 2 255 8 0 253 255 135096786
227 0 159 0 240 255 3 255 8 0 253 255 135191072
254 0 161 0 22 0 4 255 8 0 254 255 135285285
26 1 134 0 49 0 4 255 8 0 254 255 135379539
18 1 78 0 13 0 5 255 7 0 254 255 135477819
41 0 8 0 32 0 6 255 8 0 255 255 135572035
254 255 220 255 18 0 6 255 8 0 0 0 135670350
253 255 1 0 187 255 7 255 9 0 0 0 135764565
14 0 6 0 161 255 7 255 10 0 0 0 135858785
12 0 218 255 221 255 8 255 9 0 0 0 135957119
221 255 167 255 9 0 8 255 9 0 0 0 136055415
237 255 160 255 24 0 9 255 10 0 0 0 136149632
92 0 175 255 1 0 9 255 9 0 0 0 136243844
52 0 189 255 247 255 9 255 8 0 0 0 136338013
102 0 206 255 249 255 10 255 8 0 0 0 136436382
198 0 7 0 241 255 11 255 7 0 0 0 136534659
247 0 39 0 231 255 13 255 7 0 0 0 136628896
48 1 27 0 167 255 14 255 7 0 0 0 136723072
142 1 52 0 146 255 17 255 6 0 0 0 136817300
164 1 58 0 149 255 19 255 6 0 255 255 136915603
177 1 119 0 235 255 22 255 5 0 255 255 137010074
151 1 130 0 14 0 25 255 5 0 254 255 137108130
135 1 148 0 69 0 30 255 6 0 254 255 137202392
159 1 184 0 251 255 39 255 6 0 253 255 137394874
61 1 156 0 186 255 45 255 6 0 253 255 137493174
190 0 160 0 175 255 49 255 6 0 252 255 137587346
164 0 59 0 200 255 53 255 6 0 251 255 137685719
178 0 224 255 4 0 57 255 5 0 251 255 137779922
165 0 197 255 81 0 61 255 4 0 251 255 137874099
40 0 208 255 21 0 66 255 5 0 251 255 137972371
140 0 17 0 8 0 71 255 5 0 251 255 138066669
87 0 121 0 44 0 75 255 6 0 251 255 138160914
34 0 128 0 41 0 80 255 7 0 251 255 138259224
23 0 61 0 66 0 85 255 7 0 252 255 138353394
82 0 9 0 248 255 91 255 7 0 253 255 138451669
254 255 34 0 192 255 97 255 9 0 252 255 138545944
80 0 246 255 215 255 103 255 8 0 252 255 138644230
78 0 10 0 149 255 113 255 7 0 252 255 138832705
102 0 34 0 212 255 117 255 7 0 251 255 138926878
120 0 7 0 47 0 121 255 7 0 250 255 139025216
157 0 236 255 92 0 124 255 7 0 250 255 139123505
197 0 199 255 58 0 127 255 7 0 251 255 139217686
1 1 211 255 43 0 130 255 7 0 251 255 139316000
68 1 195 255 16 0 133 255 6 0 251 255 139410224
64 1 136 255 4 0 134 255 6 0 252 255 139504498
118 1 35 255 159 255 137 255 4 0 253 255 139696919
145 1 124 255 140 255 138 255 3 0 253 255 139795204
159 1 153 255 168 255 139 255 3 0 253 255 139889508
175 1 162 255 207 255 140 255 2 0 253 255 139983741
130 1 237 255 219 255 141 255 2 0 253 255 140082019
144 1 33 0 220 255 141 255 3 0 253 255 140176232
143 1 34 0 191 255 141 255 3 0 252 255 140270442
113 1 23 0 205 255 141 255 4 0 253 255 140368755
65 1 32 0 230 255 140 255 5 0 253 255 140463001
54 1 231 255 32 0 140 255 6 0 254 255 140561306
96 1 146 255 223 255 140 255 6 0 254 255 140655482
247 0 129 255 230 255 140 255 6 0 254 255 140753765
174 0 132 255 184 255 141 255 7 0 254 255 140848008
145 0 143 255 205 255 141 255 7 0 254 255 140946373
68 0 168 255 226 255 142 255 7 0 255 255 141040593
5 0 203 255 191 255 143 255 8 0 255 255 141134753
72 0 18 0 242 255 146 255 8 0 254 255 141327347
77 0 27 0 14 0 147 255 7 0 253 255 141425616
98 0 234 255 1 0 149 255 6 0 253 255 141515680
133 0 242 255 230 255 151 255 6 0 253 255 141614024
193 0 30 0 250 255 154 255 6 0 253 255 141708204
234 0 34 0 253 255 157 255 6 0 254 255 141806527
252 0 240 255 83 0 160 255 6 0 254 255 141904843
235 0 1 0 243 255 164 255 6 0 254 255 141999085
0 1 244 255 41 0 167 255 6 0 254 255 142093298
203 0 0 0 12 0 170 255 6 0 255 255 142191553
225 0 231 255 186 255 173 255 6 0 255 255 142285791
7 1 224 255 252 255 176 255 6 0 255 255 142379978
17 1 201 255 236 255 178 255 6 0 255 255 142478374
219 0 152 255 224 255 180 255 6 0 255 255 142572567
241 0 118 255 8 0 182 255 6 0 255 255 142666783
251 0 108 255 229 255 184 255 5 0 0 0 142765112
229 0 90 255 191 255 186 255 5 0 0 0 142863448
12 1 71 255 183 255 188 255 5 0 0 0 142957632
8 1 40 255 199 255 190 255 5 0 0 0 143055897
9 1 2 255 219 255 191 255 5 0 1 0 143146037
116 1 229 254 239 255 191 255 5 0 2 0 143244394
193 1 246 254 234 255 190 255 4 0 2 0 143338531
210 1 8 255 189 255 189 255 4 0 2 0 143436790
234 1 11 255 158 255 187 255 4 0 2 0 143535100
207 1 18 255 181 255 184 255 4 0 1 0 143629401
156 1 54 255 164 255 180 255 5 0 1 0 143723620
188 1 133 255 74 0 175 255 5 0 1 0 143821881
128 1 222 255 76 0 170 255 5 0 0 0 143916096
58 1 213 255 47 0 164 255 4 0 0 0 144014455
127 0 211 255 8 0 159 255 6 0 0 0 144108689
61 0 225 255 230 255 154 255 6 0 0 0 144202913
242 255 237 255 184 255 150 255 7 0 0 0 144301149
251 255 45 0 196 255 146 255 7 0 0 0 144395401
191 255 123 0 215 255 142 255 8 0 255 255 144493707
148 255 182 0 235 255 138 255 9 0 255 255 144587907
217 255 195 0 35 0 134 255 9 0 255 255 144682114
38 0 138 0 0 0 129 255 8 0 255 255 144780421
138 0 98 0 12 0 125 255 8 0 0 0 144874648
163 0 138 0 3 0 122 255 8 0 0 0 144972943
222 0 133 0 238 255 119 255 8 0 0 0 145067228
7 1 90 0 204 255 115 255 6 0 0 0 145165493
209 0 90 0 229 255 111 255 6 0 0 0 145259726
87 0 110 0 51 0 108 255 7 0 0 0 145353907
71 0 133 0 78 0 105 255 8 0 255 255 145448147
129 0 135 0 2 0 101 255 7 0 255 255 145546483
28 0 127 0 239 255 97 255 8 0 254 255 145640664
34 0 147 0 212 255 92 255 9 0 254 255 145738951
49 0 152 0 234 255 88 255 9 0 254 255 145837232
80 0 148 0 222 255 83 255 8 0 254 255 145927420
91 0 161 0 199 255 78 255 7 0 255 255 146025743
39 0 204 0 56 0 74 255 6 0 255 255 146119920
4 0 210 0 25 0 69 255 5 0 255 255 146218220
232 255 241 0 235 255 64 255 6 0 0 255 146312456
239 255 18 1 22 0 59 255 6 0 255 255 146410700
255 255 211 0 35 0 54 255 7 0 255 255 146504956
49 0 157 0 237 255 49 255 6 0 255 255 146603327
16 0 136 0 224 255 44 255 7 0 255 255 146697529
12 0 200 0 1 0 38 255 8 0 255 255 146791666
248 255 208 0 19 0 33 255 8 0 255 255 146889969
160 255 238 0 42 0 27 255 9 0 254 255 146984242
159 255 2 1 49 0 21 255 10 0 254 255 147082492
148 255 12 1 15 0 17 255 10 0 253 255 147176732
184 255 36 1 7 0 7 255 10 0 253 255 147369270
206 255 62 1 16 0 2 255 10 0 253 255 147463516
251 255 121 1 25 0 249 255 9 0 253 255 147656038
15 0 135 1 46 0 245 254 9 0 253 255 147754381
249 255 138 1 251 255 241 254 9 0 252 255 147848555
237 255 132 1 0 0 237 254 10 0 252 255 147942799
22 0 142 1 212 255 233 254 9 0 252 255 148041068
19 0 168 1 206 255 229 254 9 0 252 255 148135289
36 0 239 1 239 255 226 254 9 0 251 255 148233539
43 0 12 2 247 255 222 254 9 0 250 255 148327786
180 0 237 1 42 0 214 254 8 0 250 255 148520236
202 0 226 1 13 0 210 254 8 0 250 255 148614530
211 0 7 2 1 0 205 254 8 0 250 255 148712791
24 1 30 2 231 255 201 254 7 0 251 255 148807043
202 0 20 2 247 255 56 1 7 0 251 255 148901276
175 0 66 2 43 0 52 1 8 0 250 255 148999555
34 1 221 1 182 255 48 1 6 0 250 255 149093759
185 0 79 1 91 0 45 1 7 0 251 255 149188066
142 0 80 1 102 0 42 1 7 0 251 255 149286407
116 0 74 1 13 0 39 1 7 0 251 255 149380581
90 0 77 1 255 255 37 1 9 0 252 255 149474785
209 0 58 1 10 0 35 1 8 0 252 255 149573056
230 0 110 1 236 255 32 1 8 0 252 255 149667259
155 0 167 1 227 255 29 1 8 0 251 255 149765578
92 0 188 1 236 255 26 1 8 0 251 255 149859819
61 0 173 1 21 0 22 1 9 0 251 255 149958086
128 0 151 1 237 255 19 1 9 0 252 255 150052394
161 0 145 1 226 255 15 1 9 0 252 255 150150654
220 0 181 1 205 255 12 1 8 0 252 255 150244809
182 0 143 1 44 0 8 1 7 0 252 255 150339052
139 0 81 1 32 0 4 1 8 0 253 255 150437387
231 0 61 1 216 255 0 1 8 0 254 255 150531575
83 1 75 1 161 255 252 0 7 0 254 255 150629907
97 1 89 1 194 255 248 0 7 0 254 255 150724122
89 1 84 1 11 0 244 0 6 0 254 255 150822394
253 0 94 1 48 0 239 0 7 0 253 255 150916660
5 1 19 1 61 0 235 0 9 0 254 255 151010849
28 1 38 1 219 255 231 0 8 0 254 255 151109175
184 0 106 1 245 255 227 0 9 0 253 255 151203433
203 0 142 1 224 255 223 0 8 0 253 255 151297577
201 0 138 1 138 255 219 0 7 0 253 255 151395906
94 0 233 1 154 255 216 0 8 0 253 255 151490439
80 0 72 2 234 255 213 0 8 0 252 255 151584431
130 0 35 2 31 0 209 0 8 0 252 255 151686728
219 0 21 2 244 255 207 0 7 0 253 255 151780955
15 1 28 2 211 255 204 0 7 0 253 255 151875143
137 1 24 2 242 255 200 0 5 0 252 255 152067701
141 1 173 1 25 0 198 0 4 0 253 255 152165992
78 1 137 1 51 0 197 0 5 0 253 255 152260190
36 1 144 1 181 0 196 0 7 0 253 255 152354454
30 1 147 1 239 255 195 0 6 0 253 255 152452726
185 0 151 1 248 255 193 0 8 0 253 255 152546958
223 0 166 1 224 255 192 0 8 0 253 255 152641150
115 0 154 1 157 255 191 0 8 0 253 255 152739506
63 0 75 1 199 255 189 0 9 0 253 255 152833678
159 0 24 1 193 255 188 0 9 0 254 255 152932078
255 0 18 1 177 255 187 0 8 0 254 255 153026158
248 0 238 0 236 255 187 0 7 0 254 255 153124499
45 1 230 0 218 255 186 0 6 0 254 255 153218731
64 1 150 0 218 255 187 0 6 0 254 255 153312973
90 1 87 0 193 255 187 0 7 0 255 255 153407139
106 1 165 0 228 255 186 0 7 0 255 255 153505472
129 1 248 0 166 0 186 0 8 0 254 255 153599698
76 1 52 1 86 0 185 0 7 0 254 255 153693925
204 0 60 1 70 0 185 0 7 0 253 255 153792205
14 0 113 1 251 255 184 0 9 0 252 255 153890530
203 255 170 1 170 255 184 0 10 0 252 255 153984745
222 255 207 1 144 255 183 0 11 0 252 255 154083031
44 0 21 2 191 255 182 0 11 0 251 255 154177265
111 0 59 2 215 255 181 0 10 0 250 255 154271514
194 0 10 2 237 255 180 0 10 0 250 255 154369753
39 1 220 1 207 255 180 0 8 0 251 255 154464055
49 1 176 1 215 255 179 0 8 0 251 255 154558300
207 0 106 1 16 0 180 0 8 0 252 255 154656535
164 0 42 1 114 0 181 0 10 0 252 255 154750754
152 0 43 1 114 0 181 0 10 0 252 255 154849022
68 0 62 1 92 0 182 0 10 0 252 255 154943273
221 255 48 1 200 255 183 0 11 0 252 255 155041571
123 255 116 0 155 255 182 0 11 0 254 255 155229996
130 255 84 0 204 255 181 0 11 0 255 255 155328426
194 255 93 0 224 255 181 0 10 0 255 255 155422520
210 255 98 0 23 0 181 0 9 0 255 255 155520863
219 255 113 0 8 0 179 0 8 0 255 255 155615057
1 0 144 0 253 255 178 0 8 0 255 255 155713430
77 0 134 0 253 255 176 0 8 0 255 255 155807576
103 0 125 0 242 255 173 0 8 0 255 255 155905875
113 0 140 0 239 255 169 0 9 0 255 255 155996019
129 0 185 0 8 0 165 0 10 0 255 255 156094384
99 0 42 1 17 0 161 0 10 0 254 255 156188503
159 0 21 1 62 0 156 0 11 0 254 255 156286831
19 1 42 1 77 0 145 0 9 0 254 255 156475364
210 0 103 1 19 0 141 0 9 0 253 255 156573586
185 0 124 1 207 255 136 0 10 0 253 255 156671848
252 0 119 1 211 255 131 0 9 0 253 255 156766125
31 1 107 1 218 255 121 0 8 0 253 255 156958769
22 1 107 1 235 255 115 0 7 0 252 255 157052862
242 0 139 1 218 255 110 0 6 0 252 255 157151148
233 0 195 1 192 255 105 0 6 0 251 255 157245420
10 1 254 1 200 255 100 0 6 0 251 255 157343691
19 1 205 1 231 255 95 0 5 0 251 255 157437898
20 1 160 1 18 0 90 0 6 0 251 255 157536174
89 1 99 1 236 255 84 0 6 0 252 255 157630445
105 1 134 1 206 255 80 0 6 0 253 255 157724679
83 1 159 1 196 255 75 0 6 0 253 255 157822950
142 1 106 1 172 255 69 0 6 0 253 255 157917191
109 1 101 1 21 0 64 0 6 0 253 255 158011385
92 1 90 1 95 0 58 0 6 0 252 255 158109638
229 0 179 1 49 0 48 0 6 0 251 255 158298143
225 0 251 1 249 255 43 0 6 0 251 255 158396449
8 1 243 1 24 0 38 0 6 0 251 255 158490700
221 1 205 1 13 0 33 0 6 0 252 255 158584876
158 0 209 1 33 0 28 0 6 0 251 255 158683137
148 0 193 1 51 0 23 0 6 0 251 255 158777414
178 0 153 1 231 255 17 0 6 0 252 255 158875709
246 0 99 1 170 255 11 0 6 0 253 255 158969871
105 1 117 1 114 255 4 0 5 0 253 255 159068224
156 1 92 1 215 255 255 255 4 0 252 255 159162431
171 1 49 1 188 255 248 255 3 0 253 255 159256652
118 1 60 1 247 255 243 255 3 0 252 255 159355014
18 1 63 1 241 255 236 255 5 0 252 255 159453293
72 1 8 1 250 255 230 255 6 0 252 255 159547536
90 1 31 1 244 255 224 255 5 0 253 255 159641714
49 1 93 1 201 255 217 255 5 0 252 255 159739986
235 0 118 1 187 255 212 255 5 0 251 255 159834171
190 0 87 1 251 255 207 255 6 0 251 255 159928385
219 0 9 1 15 0 202 255 5 0 251 255 160022627
138 0 215 0 239 255 196 255 5 0 251 255 160120924
116 0 6 1 194 255 191 255 6 0 251 255 160219246
145 0 66 1 197 255 186 255 6 0 251 255 160313467
155 0 159 1 209 255 181 255 7 0 251 255 160407669
161 0 14 2 244 255 176 255 6 0 250 255 160506016
231 0 183 1 242 255 170 255 6 0 250 255 160600200
86 1 57 1 232 255 164 255 5 0 251 255 160698529
156 1 35 1 186 255 160 255 5 0 251 255 160792807
242 1 82 1 252 255 157 255 5 0 251 255 160891078
37 2 96 1 12 0 154 255 4 0 251 255 160985232
236 1 42 1 237 255 151 255 4 0 252 255 161079490
171 1 22 1 13 0 149 255 5 0 252 255 161177791
176 1 77 1 18 0 146 255 5 0 252 255 161272008
99 1 124 1 214 255 140 255 5 0 252 255 161464513
242 0 74 1 225 255 137 255 6 0 253 255 161558743
238 0 61 1 243 255 133 255 5 0 253 255 161657071
192 0 10 1 208 255 130 255 5 0 253 255 161751265
192 0 182 0 147 255 126 255 5 0 254 255 161845525
167 0 121 0 196 255 123 255 5 0 254 255 161943842
160 0 63 0 8 0 121 255 5 0 254 255 162042063
84 1 254 255 28 0 116 255 4 0 255 255 162230605
172 1 237 255 238 255 114 255 3 0 254 255 162328838
249 1 5 0 185 255 113 255 3 0 254 255 162423063
4 2 48 0 200 255 112 255 2 0 254 255 162517291
248 1 79 0 196 255 112 255 3 0 254 255 162615556
192 1 111 0 39 0 111 255 3 0 254 255 162709827
106 1 93 0 61 0 111 255 5 0 255 255 162804034
70 1 58 0 142 255 111 255 4 0 255 255 162902261
139 0 124 0 226 255 112 255 6 0 255 255 162996525
84 0 227 0 202 255 113 255 6 0 254 255 163094888
7 0 20 1 182 255 114 255 7 0 253 255 163189033
104 0 230 0 230 255 116 255 6 0 253 255 163287421
238 0 193 0 213 255 118 255 6 0 253 255 163381560
7 1 208 0 38 0 121 255 3 0 252 255 163475796
129 0 160 0 36 0 123 255 5 0 253 255 163574128
54 1 184 0 253 255 126 255 4 0 253 255 163672396
76 1 230 0 241 255 130 255 4 0 253 255 163766605
28 1 130 0 195 0 134 255 4 0 253 255 163860859
60 0 61 0 145 0 139 255 6 0 254 255 163959170
224 255 37 0 73 0 145 255 8 0 254 255 164053405
168 255 1 0 164 255 151 255 11 0 254 255 164151653
67 0 200 255 61 255 157 255 9 0 255 255 164245878
37 0 199 255 129 255 163 255 10 0 254 255 164340105
66 0 183 255 200 255 168 255 9 0 254 255 164438432
48 0 195 255 239 255 173 255 8 0 254 255 164532609
22 0 185 255 77 0 177 255 7 0 254 255 164630903
43 0 210 255 254 255 181 255 8 0 254 255 164725152
147 0 251 255 122 255 186 255 8 0 253 255 164819394
110 1 174 255 104 255 194 255 5 0 253 255 165011904
252 0 208 255 184 255 199 255 5 0 253 255 165106159
232 0 235 255 1 0 203 255 6 0 253 255 165204432
95 1 193 255 36 0 207 255 6 0 253 255 165302734
33 2 164 255 21 0 210 255 4 0 253 255 165396964
47 2 232 255 195 255 213 255 3 0 253 255 165491154
255 1 3 0 242 255 216 255 3 0 254 255 165585393
188 1 28 0 249 255 219 255 3 0 254 255 165683654
65 1 45 0 160 255 222 255 4 0 254 255 165777865
149 1 60 0 185 255 224 255 5 0 254 255 165876484
214 1 60 0 146 255 226 255 3 0 254 255 165970397
208 1 23 0 28 0 229 255 3 0 254 255 166068719
48 2 38 0 189 255 232 255 2 0 253 255 166162891
66 2 53 0 79 255 236 255 2 0 253 255 166257188
76 2 105 0 177 255 240 255 2 0 253 255 166355511
49 2 110 0 63 0 243 255 3 0 254 255 166449750
130 2 168 0 162 0 247 255 3 0 254 255 166548019
42 2 169 0 187 0 251 255 3 0 253 255 166642276
7 1 61 0 25 0 253 255 2 0 254 255 166736470
127 255 39 0 177 255 0 0 6 0 255 255 166834694
240 254 84 255 184 0 0 0 8 0 0 0 166933056
99 255 67 255 122 0 1 0 6 0 1 0 167027341
18 0 208 255 0 0 2 0 3 0 0 0 167121518
117 255 74 0 249 255 5 0 5 0 254 255 167219812
139 0 191 255 246 255 5 0 3 0 254 255 167412285
196 0 206 255 234 255 5 0 3 0 255 255 167502436
237 0 225 255 1 0 5 0 4 0 255 255 167600745
6 1 223 255 29 0 4 0 5 0 254 255 167694985
246 0 14 0 46 0 3 0 5 0 254 255 167793262
148 0 34 0 10 0 3 0 7 0 254 255 167887549
207 0 189 255 55 0 2 0 8 0 255 255 167985846
28 1 229 255 117 255 2 0 7 0 0 0 168080014
168 0 19 0 153 255 2 0 7 0 255 255 168174197
58 0 17 0 201 255 3 0 7 0 255 255 168272593
79 0 78 0 137 255 2 0 7 0 255 255 168370965
159 0 125 0 192 255 1 0 6 0 254 255 168465024
216 0 155 0 14 0 1 0 5 0 253 255 168657631
3 1 200 0 13 0 0 0 5 0 252 255 168751737
144 1 214 0 229 255 0 0 3 0 252 255 168846080
115 1 39 0 17 0 1 0 3 0 253 255 168944304
68 1 251 255 59 0 1 0 5 0 254 255 169042642
44 1 86 0 137 0 1 0 6 0 254 255 169136905
230 0 125 0 59 0 1 0 6 0 254 255 169231083
155 0 98 0 11 0 2 0 6 0 253 255 169329425
70 0 77 0 169 255 2 0 7 0 253 255 169423526
18 0 14 0 148 255 3 0 7 0 254 255 169517798
66 0 226 255 155 255 3 0 7 0 254 255 169616057
89 0 54 0 163 255 4 0 6 0 254 255 169808612
136 0 28 0 214 255 3 0 5 0 254 255 169902887
100 0 217 255 247 255 3 0 5 0 255 255 170001164
126 0 189 255 217 255 3 0 5 0 255 255 170095439
86 0 232 255 209 255 3 0 7 0 255 255 170189648
137 0 30 0 44 0 2 0 8 0 255 255 170287863
147 0 56 0 115 0 2 0 8 0 254 255 170382083
75 0 5 0 66 0 2 0 9 0 255 255 170476282
205 255 9 0 185 255 3 0 10 0 255 255 170672911
24 0 32 0 80 255 3 0 9 0 255 255 170767171
27 0 41 0 156 255 4 0 9 0 254 255 170861427
129 0 90 0 228 255 5 0 7 0 253 255 170955587
121 0 99 0 16 0 6 0 6 0 253 255 171053840
110 0 78 0 18 0 7 0 6 0 253 255 171152185
167 0 101 0 40 0 9 0 6 0 253 255 171246398
199 0 102 0 33 0 12 0 6 0 254 255 171340602
181 0 53 0 41 0 15 0 6 0 255 255 171438965
69 0 31 0 4 0 19 0 7 0 255 255 171533203
73 0 217 255 41 0 22 0 7 0 0 0 171627410
217 255 167 255 10 0 27 0 9 0 0 0 171725645
5 0 148 255 240 255 32 0 10 0 0 0 171819885
131 0 145 255 139 255 37 0 9 0 0 0 171918223
181 0 182 255 165 255 43 0 8 0 0 0 172012413
204 0 70 255 59 0 47 0 8 0 0 0 172106635
17 1 214 254 57 0 51 0 7 0 0 0 172204930
42 1 185 254 188 255 55 0 6 0 1 0 172299135
74 1 180 254 129 255 59 0 6 0 1 0 172397433
186 1 197 254 134 255 63 0 5 0 1 0 172491656
244 1 4 255 102 255 66 0 4 0 1 0 172585881
148 1 78 255 201 255 69 0 4 0 0 0 172684230
38 1 97 255 72 0 71 0 6 0 0 0 172778411
29 1 143 255 66 0 74 0 7 0 0 0 172876712
65 1 107 255 236 255 76 0 6 0 1 0 172970932
202 0 70 255 239 255 79 0 7 0 1 0 173069201
242 0 121 255 192 255 83 0 6 0 1 0 173163389
147 0 218 255 198 255 86 0 6 0 0 0 173257680
143 0 244 255 200 255 89 0 6 0 0 0 173355987
218 0 9 0 188 255 93 0 5 0 255 255 173450219
242 0 53 0 228 255 96 0 2 0 255 255 173548478
168 0 39 0 44 0 100 0 3 0 254 255 173642712
203 0 74 0 252 255 104 0 4 0 254 255 173736946
51 1 74 0 4 0 108 0 3 0 254 255 173835293
74 1 32 0 10 0 112 0 3 0 254 255 173929508
70 1 209 255 112 0 117 0 4 0 255 255 174023687
17 1 193 255 68 0 122 0 4 0 255 255 174122037
251 0 141 255 24 0 127 0 4 0 0 0 174220294
216 0 170 255 210 255 132 0 5 0 0 0 174314556
238 0 185 255 183 255 138 0 6 0 0 0 174408755
242 0 185 255 219 255 143 0 6 0 255 255 174506960
60 1 171 255 198 255 148 0 6 0 255 255 174601242
36 1 141 255 166 255 153 0 6 0 0 0 174695509
48 1 91 255 208 255 158 0 5 0 0 0 174793767
147 1 19 255 244 255 163 0 4 0 0 0 174892007
242 1 243 254 227 255 167 0 3 0 0 0 174986366
20 2 2 255 227 255 171 0 1 0 0 0 175080467
179 2 228 254 234 255 176 0 1 0 0 0 175174724
114 1 204 254 0 0 179 0 2 0 0 0 175273037
157 1 243 254 162 255 182 0 1 0 0 0 175367348
134 1 107 255 138 255 184 0 2 0 0 0 175465580
149 1 181 255 227 255 185 0 2 0 255 255 175559764
119 1 243 255 220 255 186 0 2 0 255 255 175658057
70 1 66 0 0 0 187 0 1 0 254 255 175752295
223 0 120 0 251 255 188 0 2 0 254 255 175846502
13 1 124 0 207 255 189 0 2 0 254 255 175944868
17 1 148 0 154 255 191 0 2 0 254 255 176039020
55 1 155 0 219 255 193 0 1 0 254 255 176137464
90 1 145 0 251 255 195 0 1 0 254 255 176231623
65 1 152 0 248 255 197 0 1 0 254 255 176325820
92 1 191 0 6 0 199 0 1 0 253 255 176424093
81 1 153 0 247 255 201 0 2 0 253 255 176518423
98 1 77 0 241 255 201 0 2 0 254 255 176616655
125 1 46 0 222 255 202 0 2 0 255 255 176710817
151 1 36 0 209 255 202 0 3 0 255 255 176809100
166 1 250 255 198 255 202 0 2 0 255 255 176903400
147 1 225 255 197 255 201 0 2 0 255 255 176997574
117 1 8 0 184 255 201 0 3 0 255 255 177095923
88 1 58 0 177 255 200 0 3 0 255 255 177190099
116 1 63 0 145 255 200 0 3 0 0 0 177284328
122 1 32 0 180 255 199 0 3 0 0 0 177382630
165 1 83 0 58 0 199 0 3 0 255 255 177480902
243 1 84 0 22 0 198 0 2 0 255 255 177575179
20 2 7 0 248 255 198 0 2 0 0 0 177673441
20 2 234 255 1 0 198 0 1 0 0 0 177767685
229 1 209 255 246 0 198 0 1 0 0 0 177861908
169 1 197 255 198 255 198 0 2 0 0 0 177956074
98 1 224 255 19 0 197 0 4 0 0 0 178054399
163 1 3 0 42 0 195 0 4 0 0 0 178148632
203 1 31 0 243 255 194 0 3 0 255 255 178246895
110 1 83 0 205 255 193 0 3 0 254 255 178341134
49 1 136 0 246 255 192 0 3 0 253 255 178439466
65 1 145 0 220 255 191 0 3 0 253 255 178533675
6 1 181 0 223 255 190 0 3 0 253 255 178627879
65 1 208 0 32 0 189 0 3 0 253 255 178726174
48 1 166 0 29 0 188 0 3 0 253 255 178820393
30 1 109 0 236 255 186 0 3 0 253 255 178918728
5 1 5 0 194 255 186 0 4 0 253 255 179013008
57 1 220 255 134 255 184 0 5 0 254 255 179107163
74 1 2 0 119 255 182 0 6 0 254 255 179205464
10 1 145 0 60 0 179 0 8 0 253 255 179299678
0 1 7 1 36 0 176 0 9 0 252 255 179397923
157 0 16 1 31 0 173 0 10 0 251 255 179492208
101 0 41 1 12 0 170 0 10 0 250 255 179590510
112 0 56 1 202 255 165 0 10 0 250 255 179778895
129 0 81 1 207 255 163 0 9 0 250 255 179873195
124 0 79 1 223 255 161 0 9 0 250 255 179971436
195 0 70 1 228 255 159 0 7 0 251 255 180069749
249 0 87 1 184 255 157 0 7 0 252 255 180164078
67 1 102 1 131 255 155 0 6 0 252 255 180262305
82 1 20 1 186 255 154 0 5 0 252 255 180356496
35 1 178 0 71 0 153 0 6 0 253 255 180450780
39 1 144 0 170 0 152 0 6 0 253 255 180549051
250 0 135 0 16 0 151 0 5 0 253 255 180643239
132 0 60 0 57 0 150 0 7 0 253 255 180737465
108 0 117 0 245 255 150 0 8 0 253 255 180835776
23 0 127 0 203 255 149 0 8 0 253 255 180929951
235 255 119 0 218 255 150 0 9 0 253 255 181028276
233 255 41 0 189 255 149 0 10 0 253 255 181122494
210 255 19 0 235 255 149 0 9 0 254 255 181216737
80 255 66 0 46 0 148 0 10 0 254 255 181315027
116 255 58 0 249 255 149 0 11 0 255 255 181409245
42 0 30 0 202 255 149 0 10 0 0 0 181507598
205 0 63 0 233 255 149 0 7 0 255 255 181601789
183 0 87 0 236 255 150 0 6 0 255 255 181696011
236 0 58 0 193 255 150 0 6 0 254 255 181794269
46 1 64 0 200 255 151 0 6 0 254 255 181888500
106 1 100 0 173 255 151 0 6 0 254 255 181982780
72 1 161 0 11 0 150 0 6 0 252 255 182179481
3 1 125 0 61 0 149 0 7 0 252 255 182273602
10 1 116 0 7 0 149 0 6 0 252 255 182367795
169 0 55 0 239 255 148 0 6 0 252 255 182466114
114 0 37 0 236 255 147 0 7 0 252 255 182560283
95 0 90 0 228 255 147 0 7 0 252 255 182654507
28 0 147 0 197 255 148 0 7 0 252 255 182752829
252 255 135 0 188 255 148 0 7 0 252 255 182847054
110 0 186 0 207 255 149 0 6 0 252 255 182945397
128 0 252 0 21 0 151 0 6 0 251 255 183039583
197 0 24 1 215 255 152 0 6 0 251 255 183137906
29 1 242 0 198 255 154 0 5 0 251 255 183232100
187 0 178 0 192 255 156 0 5 0 252 255 183326270
44 0 151 0 139 0 158 0 6 0 252 255 183424567
237 255 95 0 115 0 160 0 7 0 252 255 183518882
226 255 43 0 245 255 162 0 7 0 253 255 183613087
55 0 29 0 176 255 164 0 7 0 253 255 183711377
137 0 12 0 201 255 167 0 5 0 253 255 183809612
118 0 237 255 182 255 168 0 4 0 253 255 183903869
123 0 206 255 208 255 170 0 4 0 253 255 183998054
152 0 133 255 216 255 171 0 4 0 253 255 184096432
177 0 112 255 218 255 172 0 5 0 253 255 184190581
253 0 101 255 155 255 173 0 5 0 253 255 184284830
26 1 120 255 146 255 175 0 5 0 254 255 184383104
15 1 165 255 198 255 176 0 5 0 254 255 184477415
225 0 200 255 247 255 177 0 6 0 254 255 184575649
180 0 221 255 130 0 178 0 7 0 254 255 184669864
238 0 162 255 31 0 179 0 6 0 255 255 184768160
99 0 144 255 79 0 180 0 7 0 255 255 184862405
113 0 207 255 226 255 180 0 7 0 255 255 184956640
68 0 39 0 188 255 181 0 8 0 255 255 185054892
61 0 66 0 234 255 181 0 7 0 254 255 185149169
47 0 253 255 26 0 182 0 7 0 254 255 185247445
35 0 31 0 54 0 182 0 8 0 254 255 185341665
171 0 56 0 181 255 182 0 7 0 255 255 185439982
206 0 141 0 107 255 183 0 6 0 254 255 185534180
237 0 113 0 183 255 184 0 5 0 253 255 185628434
195 0 214 255 46 0 185 0 5 0 254 255 185726692
111 0 109 255 71 0 185 0 7 0 0 0 185820937
176 0 115 255 151 0 186 0 8 0 0 0 185915091
158 0 216 255 5 0 188 0 7 0 0 0 186013402
50 0 203 255 216 255 188 0 9 0 0 0 186107664
97 0 184 255 184 255 188 0 9 0 0 0 186205963
75 0 205 255 173 255 188 0 8 0 0 0 186300174
233 255 202 255 237 255 189 0 10 0 0 0 186394444
29 0 183 255 0 0 188 0 9 0 1 0 186492697
44 0 125 255 200 255 188 0 9 0 2 0 186586943
148 0 161 255 194 255 187 0 9 0 1 0 186685238
43 1 133 255 198 255 187 0 8 0 1 0 186779518
51 1 66 255 179 255 187 0 7 0 2 0 186877830
241 0 110 255 224 255 187 0 8 0 2 0 186972031
201 0 148 255 44 0 187 0 10 0 1 0 187066236
228 0 146 255 95 0 186 0 10 0 1 0 187164489
243 255 227 255 65 0 186 0 12 0 1 0 187258750
136 255 28 0 225 255 186 0 12 0 1 0 187357046
18 255 96 0 226 255 186 0 14 0 0 0 187451247
247 254 119 0 14 0 186 0 15 0 0 0 187545462
22 255 125 0 23 0 186 0 16 0 255 255 187643755
179 255 148 0 29 0 186 0 15 0 255 255 187737974
2 0 146 0 211 255 186 0 14 0 255 255 187832437
107 0 138 0 170 255 186 0 13 0 255 255 187930480
112 0 103 0 213 255 187 0 13 0 0 0 188028788
76 0 53 0 128 0 187 0 13 0 0 0 188123032
8 0 58 0 177 0 188 0 14 0 0 0 188217270
126 255 35 0 60 0 188 0 14 0 0 0 188315507
27 255 17 0 59 0 189 0 15 0 0 0 188409841
10 255 9 0 246 255 189 0 16 0 0 0 188504028
78 255 187 255 225 255 190 0 15 0 0 0 188602306
124 255 180 255 233 255 191 0 15 0 0 0 188696517
241 255 176 255 10 0 190 0 13 0 0 0 188794776
25 0 62 255 183 255 189 0 13 0 0 0 188889065
122 0 49 255 155 255 188 0 12 0 0 0 188983267
197 0 28 255 176 255 186 0 11 0 0 0 189081595
191 0 9 255 202 255 185 0 10 0 1 0 189175858
164 0 92 255 46 0 184 0 11 0 0 0 189274035
104 0 192 255 62 0 183 0 12 0 0 0 189368306
157 0 32 0 36 0 181 0 11 0 0 0 189466556
71 0 48 0 17 0 179 0 11 0 0 0 189560834
61 0 13 0 14 0 178 0 11 0 255 255 189659112
10 0 240 255 12 0 176 0 11 0 0 0 189753436
204 255 49 0 48 0 174 0 11 0 0 0 189847598
244 255 114 0 38 0 172 0 11 0 255 255 189945874
45 0 167 0 203 255 171 0 10 0 0 0 190040076
82 0 182 0 186 255 170 0 9 0 0 0 190138470
195 0 196 0 209 255 169 0 8 0 0 0 190326814
255 0 151 0 79 0 167 0 8 0 0 0 190519472
104 0 159 0 28 0 168 0 9 0 255 255 190617675
5 0 89 0 42 0 167 0 9 0 0 0 190711923
125 255 26 0 181 255 166 0 10 0 0 0 190806097
50 255 44 0 196 255 165 0 10 0 0 0 190904427
89 255 16 0 234 255 164 0 11 0 0 0 190998636
238 255 209 255 195 255 162 0 10 0 0 0 191096905
3 0 182 255 223 255 161 0 9 0 0 0 191191192
57 0 196 255 241 255 158 0 8 0 0 0 191289442
53 0 215 255 226 255 154 0 7 0 0 0 191383696
182 255 218 255 249 255 150 0 9 0 0 0 191477864
123 255 50 0 31 0 146 0 10 0 0 0 191576168
218 255 188 0 107 0 141 0 12 0 255 255 191670445
254 255 10 1 94 0 136 0 11 0 254 255 191764604
176 255 61 1 34 0 130 0 10 0 253 255 191862898
95 255 0 1 36 0 125 0 11 0 252 255 191957127
42 255 193 0 232 255 120 0 11 0 253 255 192055460
63 255 24 1 201 255 116 0 12 0 253 255 192149664
93 255 125 1 205 255 112 0 12 0 253 255 192243822
140 255 164 1 208 255 109 0 12 0 252 255 192342152
129 255 182 1 32 0 105 0 13 0 252 255 192436492
194 255 184 1 10 0 100 0 13 0 252 255 192534697
5 0 180 1 230 255 96 0 13 0 253 255 192628940
156 0 130 1 170 255 91 0 12 0 254 255 192723112
251 0 38 1 170 255 86 0 10 0 255 255 192821423
162 0 108 1 51 0 83 0 10 0 255 255 192915671
122 0 144 1 126 0 79 0 11 0 254 255 193013941
122 0 92 1 34 0 75 0 10 0 254 255 193108340
75 0 9 1 249 255 71 0 10 0 254 255 193202460
75 0 11 1 157 255 68 0 10 0 254 255 193300683
51 0 244 0 237 255 65 0 9 0 254 255 193399049
222 255 30 1 24 0 62 0 9 0 254 255 193493235
125 255 54 1 251 255 59 0 9 0 254 255 193587484
184 255 31 1 135 255 56 0 8 0 255 255 193685740
238 255 37 1 24 0 52 0 8 0 255 255 193780001
14 0 125 1 75 0 49 0 8 0 255 255 193874173
96 0 95 1 255 255 45 0 8 0 255 255 193972559
179 0 71 1 174 255 41 0 8 0 255 255 194066743
187 0 54 1 192 255 37 0 8 0 255 255 194165022
183 0 34 1 211 255 34 0 8 0 255 255 194259196
59 0 79 1 247 255 29 0 9 0 255 255 194353482
37 0 104 1 153 0 26 0 12 0 254 255 194451734
109 0 107 1 81 0 22 0 11 0 254 255 194550066
196 255 127 1 15 0 19 0 12 0 253 255 194644320
102 255 138 1 221 255 16 0 14 0 253 255 194738540
137 255 113 1 0 0 13 0 14 0 253 255 194836820
148 255 169 1 65 0 10 0 14 0 252 255 194931043
134 255 197 1 51 0 7 0 14 0 252 255 195025252
151 255 218 1 34 0 5 0 15 0 252 255 195123555
31 0 20 2 232 255 3 0 14 0 252 255 195217740
88 0 38 2 145 255 2 0 13 0 251 255 195312006
173 0 45 2 17 0 1 0 11 0 251 255 195410291
183 0 187 1 25 0 0 0 11 0 252 255 195504511
71 0 82 1 219 255 0 0 11 0 253 255 195602776
242 255 65 1 90 0 0 0 13 0 254 255 195697092
68 0 112 1 74 0 0 0 13 0 254 255 195795419
42 0 216 0 225 255 1 0 11 0 255 255 195889560
89 255 194 0 229 255 1 0 12 0 255 255 195983789
187 254 241 0 11 0 1 0 15 0 254 255 196082079
160 254 208 0 30 0 1 0 17 0 255 255 196176252
144 255 208 0 211 255 2 0 15 0 255 255 196368883
165 255 215 0 9 0 2 0 14 0 254 255 196467198
110 0 221 0 187 255 2 0 12 0 253 255 196753900
117 0 234 0 56 255 0 0 13 0 253 255 196942376
119 0 170 0 64 0 0 0 13 0 254 255 197040603
29 0 232 0 106 0 255 255 16 0 253 255 197233203
149 0 255 0 221 255 253 255 13 0 253 255 197327343
240 255 35 1 240 255 253 255 15 0 253 255 197425573
208 255 102 1 223 255 252 255 15 0 253 255 197519865
94 255 145 1 218 255 251 255 16 0 252 255 197614084
228 254 211 1 233 255 249 255 19 0 251 255 197712394
120 255 11 2 8 0 247 255 19 0 250 255 197810888
175 255 16 2 243 255 247 255 17 0 250 255 197904908
247 255 254 1 198 255 247 255 17 0 250 255 197999108
57 0 230 1 223 255 248 255 15 0 249 255 198191639
233 255 182 1 98 0 249 255 15 0 250 255 198285857
140 255 89 1 102 0 250 255 16 0 251 255 198384172
162 255 53 1 79 0 250 255 16 0 251 255 198478439
205 255 36 1 40 0 251 255 15 0 251 255 198576695
89 255 229 0 58 0 251 255 16 0 251 255 198670924
107 255 213 0 22 0 251 255 16 0 251 255 198769256
209 255 227 0 183 255 252 255 14 0 252 255 198863439
70 0 222 0 117 255 253 255 12 0 252 255 198957628
169 0 62 1 124 255 252 255 10 0 250 255 199055927
82 1 99 1 171 255 251 255 7 0 250 255 199150171
168 1 12 1 242 255 251 255 3 0 251 255 199244421
103 1 120 0 246 255 251 255 2 0 253 255 199342717
42 1 154 0 17 0 253 255 2 0 253 255 199531165
136 1 206 0 245 255 255 255 0 0 252 255 199629448
19 1 214 0 61 0 255 255 0 0 252 255 199727736
148 0 102 1 35 0 0 0 1 0 250 255 199821994
28 1 111 1 245 255 0 0 0 0 250 255 199920236
90 0 251 0 58 0 1 0 2 0 251 255 200014482
165 0 27 1 238 255 2 0 3 0 251 255 200112805
226 0 51 1 200 255 4 0 2 0 252 255 200207015
55 1 245 0 125 255 4 0 1 0 253 255 200301658
35 1 124 0 138 255 5 0 0 0 253 255 200399526
54 1 106 0 152 255 4 0 1 0 253 255 200489660
47 1 218 0 78 255 3 0 1 0 253 255 200587965
60 1 202 0 34 255 3 0 1 0 252 255 200682151
55 0 231 0 91 255 1 0 4 0 253 255 200780516
122 255 99 1 98 255 1 0 7 0 253 255 200874725
88 255 119 1 131 255 0 0 6 0 252 255 200973039
241 254 208 0 88 0 255 255 9 0 252 255 201067218
227 253 160 0 174 0 254 255 16 0 253 255 201161482
54 254 136 0 234 255 0 0 18 0 254 255 201259756
131 255 64 0 53 255 255 255 16 0 254 255 201358038
58 0 47 0 100 254 252 255 13 0 254 255 201452263
75 1 111 0 158 254 250 255 9 0 254 255 201546577
74 1 126 0 159 254 249 255 7 0 254 255 201644825
188 254 70 2 120 255 245 255 16 0 251 255 201833267
16 0 14 2 6 255 245 255 12 0 250 255 201931500
248 1 3 0 120 254 243 255 5 0 0 0 202029843
200 2 116 255 73 254 244 255 0 0 2 0 202124063
214 255 105 254 148 254 247 255 5 0 6 0 202218293
29 250 154 252 14 0 251 255 25 0 12 0 202316574
233 1 154 255 156 0 3 0 6 0 10 0 202410830
158 1 65 255 63 1 6 0 4 0 9 0 202509078
238 3 52 1 228 0 10 0 250 255 6 0 202603309
121 3 93 0 93 1 12 0 248 255 8 0 202697585
32 4 26 1 111 1 13 0 239 255 5 0 202890067
113 3 242 0 157 1 13 0 239 255 3 0 202988404
32 2 250 255 89 1 14 0 242 255 6 0 203082865
183 255 172 255 190 1 15 0 250 255 7 0 203176820
214 255 168 0 72 1 15 0 254 255 5 0 203275106
138 0 35 1 124 0 15 0 250 255 1 0 203463532
252 0 54 1 184 255 15 0 249 255 0 0 203561848
44 2 47 1 147 255 14 0 246 255 0 0 203656103
224 1 60 1 113 255 14 0 246 255 253 255 203754421
154 0 90 1 180 255 12 0 250 255 251 255 203848602
156 0 35 1 79 0 13 0 252 255 251 255 203946956
51 0 222 0 44 0 13 0 254 255 252 255 204041157
77 0 222 0 140 255 13 0 255 255 251 255 204139418
142 0 222 0 225 255 13 0 255 255 251 255 204233615
101 0 240 0 24 0 13 0 255 255 252 255 204327826
137 0 227 0 237 255 13 0 255 255 252 255 204426160
170 0 206 0 242 255 13 0 255 255 252 255 204520473
183 0 189 0 238 255 13 0 0 0 252 255 204614575
195 0 182 0 231 255 13 0 0 0 252 255 204712874
201 0 178 0 241 255 13 0 0 0 252 255 204807102
214 0 174 0 248 255 13 0 0 0 252 255 204905446
187 0 171 0 5 0 13 0 0 0 252 255 204999641
9 1 62 1 176 255 13 0 0 0 252 255 205097935
143 0 135 1 12 0 15 0 0 0 252 255 205192163
40 0 173 1 4 0 14 0 253 255 252 255 205286436
168 1 249 1 62 0 13 0 249 255 253 255 205384703
44 2 116 2 19 0 7 0 244 255 252 255 205478963
80 1 45 2 10 1 0 0 246 255 252 255 205573176
134 0 191 1 197 0 251 255 249 255 254 255 205671455
110 0 157 1 208 255 246 255 250 255 255 255 205769721
2 1 172 0 29 255 242 255 249 255 0 0 205863937
130 1 146 255 59 255 240 255 248 255 1 0 205958197
11 2 203 254 250 254 241 255 246 255 3 0 206056451
65 2 252 254 40 255 241 255 244 255 3 0 206150723
164 1 249 254 234 254 242 255 245 255 3 0 206244946
73 2 225 254 253 254 243 255 244 255 3 0 206343248
24 2 247 254 83 255 243 255 243 255 2 0 206437453
59 2 175 254 28 0 243 255 241 255 1 0 206535732
5 2 172 254 214 255 247 255 241 255 2 0 206629999
149 1 183 255 246 0 248 255 243 255 0 0 206728323
141 1 73 255 65 0 247 255 244 255 0 0 206822428
219 0 89 255 46 0 248 255 245 255 0 0 206916695
198 0 8 0 100 0 248 255 245 255 255 255 207014980
208 0 158 0 19 0 247 255 246 255 253 255 207109196
200 0 202 0 18 0 247 255 247 255 252 255 207203433
217 0 190 0 14 0 247 255 247 255 252 255 207301687
12 1 94 0 252 255 247 255 247 255 253 255 207400100
242 0 148 0 248 255 247 255 247 255 252 255 207494270
249 0 140 0 238 255 247 255 247 255 252 255 207588536
4 1 120 0 242 255 247 255 247 255 253 255 207682763
255 0 129 0 236 255 247 255 247 255 253 255 207780991
249 0 139 0 248 255 247 255 247 255 253 255 207875253
7 1 124 0 237 255 247 255 247 255 253 255 207973552
249 0 131 0 241 255 247 255 247 255 253 255 208067758
213 0 110 0 124 255 247 255 247 255 253 255 208162040
226 0 102 0 174 255 247 255 247 255 253 255 208260332
249 0 110 0 212 255 247 255 247 255 253 255 208354490
249 0 124 0 234 255 247 255 247 255 253 255 208448686
244 0 115 0 231 255 247 255 247 255 253 255 208645314
234 0 129 0 237 255 247 255 247 255 253 255 208739508
238 0 115 0 239 255 247 255 247 255 253 255 208837834
240 0 114 0 231 255 247 255 247 255 253 255 208927960
230 0 122 0 230 255 247 255 248 255 253 255 209030502
234 0 103 0 228 255 247 255 247 255 253 255 209120637
224 0 112 0 227 255 247 255 247 255 253 255 209218758
216 0 110 0 231 255 247 255 248 255 253 255 209313021
222 0 101 0 224 255 247 255 247 255 253 255 209411304
220 0 105 0 232 255 247 255 248 255 253 255 209505552
212 0 111 0 228 255 247 255 248 255 253 255 209603944
216 0 100 0 218 255 247 255 248 255 253 255 209698066
202 0 106 0 204 255 247 255 248 255 253 255 209796417
207 0 109 0 218 255 247 255 248 255 253 255 209890608
201 0 100 0 222 255 247 255 248 255 253 255 210083155
197 0 103 0 220 255 247 255 248 255 253 255 210177387
201 0 91 0 224 255 247 255 248 255 253 255 210275666
191 0 103 0 219 255 247 255 248 255 253 255 210369883
188 0 105 0 217 255 247 255 248 255 253 255 210464052
195 0 97 0 205 255 247 255 248 255 253 255 210562451
195 0 96 0 221 255 247 255 248 255 253 255 210656622
183 0 101 0 215 255 247 255 248 255 253 255 210750817
182 0 95 0 208 255 247 255 248 255 253 255 210849110
189 0 96 0 239 255 247 255 248 255 253 255 210947446
181 0 98 0 234 255 247 255 248 255 253 255 211041710
186 0 90 0 228 255 247 255 248 255 253 255 211135864
167 0 96 0 215 255 247 255 248 255 253 255 211230119
179 0 98 0 232 255 247 255 248 255 253 255 211328514
191 0 90 0 238 255 247 255 248 255 253 255 211426660
176 0 96 0 221 255 247 255 248 255 253 255 211520946
174 0 103 0 225 255 247 255 248 255 253 255 211615164
184 0 81 0 238 255 247 255 248 255 253 255 211713464
171 0 87 0 227 255 247 255 248 255 253 255 211807726
165 0 91 0 225 255 247 255 248 255 253 255 211905980
170 0 70 0 208 255 247 255 248 255 253 255 212000238
162 0 82 0 212 255 247 255 248 255 253 255 212098483
156 0 84 0 210 255 247 255 248 255 253 255 212192766
165 0 78 0 202 255 247 255 248 255 253 255 212286939
150 0 82 0 217 255 247 255 248 255 253 255 212385143
148 0 87 0 206 255 247 255 248 255 253 255 212479465
158 0 71 0 208 255 247 255 248 255 254 255 212577728
154 0 76 0 213 255 247 255 248 255 253 255 212671928
151 0 83 0 221 255 247 255 248 255 253 255 212766192
155 0 76 0 221 255 247 255 248 255 254 255 212860435
148 0 73 0 227 255 247 255 248 255 253 255 212958640
142 0 77 0 221 255 247 255 248 255 253 255 213052845
148 0 69 0 224 255 247 255 248 255 254 255 213151171
144 0 74 0 230 255 247 255 248 255 253 255 213343694
142 0 65 0 237 255 247 255 248 255 254 255 213437938
139 0 76 0 234 255 247 255 248 255 254 255 213532132
