106 253 94 254 85 19 0 0 244 255 248 255 1022705
175 252 156 254 232 23 255 255 243 255 248 255 1120911
187 252 19 255 175 26 0 0 244 255 250 255 1215249
143 252 41 255 38 28 0 0 242 255 253 255 1309471
25 252 78 255 104 29 255 255 242 255 253 255 1407777
238 251 115 255 102 30 255 255 242 255 252 255 1501996
71 251 151 255 90 32 0 0 240 255 252 255 2140871
104 251 205 255 2 32 2 0 243 255 252 255 2272005
147 251 252 255 203 31 2 0 244 255 252 255 2398964
153 251 201 255 193 31 2 0 244 255 251 255 2460451
194 251 128 255 224 31 2 0 245 255 250 255 2587418
9 252 91 255 149 31 2 0 247 255 250 255 2656963
9 252 71 255 153 31 2 0 243 255 251 255 2845400
200 251 83 255 36 32 2 0 242 255 251 255 2939712
1 252 20 255 250 31 2 0 244 255 251 255 3033897
33 252 19 255 244 31 2 0 246 255 247 255 3132240
67 252 216 254 192 31 2 0 244 255 247 255 3226492
57 252 164 254 255 31 2 0 244 255 247 255 3324693
103 252 179 254 218 31 0 0 247 255 248 255 3418926
225 252 197 254 58 31 0 0 252 255 249 255 3517357
116 253 146 254 101 31 0 0 252 255 249 255 3611478
176 253 184 254 113 31 1 0 252 255 248 255 3705705
170 253 184 254 127 31 2 0 251 255 248 255 3803989
138 253 218 254 225 31 4 0 250 255 250 255 3898187
97 253 236 254 240 31 4 0 250 255 250 255 3992471
61 253 236 254 243 31 5 0 249 255 250 255 4090751
250 252 181 254 238 31 5 0 248 255 249 255 4189040
207 252 73 254 198 31 7 0 248 255 247 255 4283307
68 253 93 254 153 31 9 0 248 255 246 255 4377569
53 253 242 253 152 31 9 0 249 255 244 255 4475827
108 253 157 253 176 31 10 0 250 255 244 255 4570046
136 253 137 253 148 31 11 0 251 255 243 255 4668283
173 253 122 253 113 31 12 0 253 255 244 255 4762514
141 253 150 253 105 32 11 0 254 255 245 255 4856755
13 254 176 253 14 32 10 0 255 255 250 255 4955060
89 254 18 254 244 31 10 0 255 255 252 255 5049233
173 254 211 254 141 32 9 0 0 0 254 255 5147539
214 254 50 255 68 32 9 0 0 0 254 255 5241813
226 254 105 255 58 32 9 0 0 0 254 255 5336018
4 255 158 255 10 32 9 0 0 0 254 255 5528536
5 255 168 255 11 32 9 0 0 0 254 255 5626826
9 255 174 255 23 32 9 0 0 0 254 255 5721102
10 255 177 255 12 32 9 0 0 0 254 255 5819279
21 255 185 255 254 31 9 0 0 0 254 255 5913565
22 255 186 255 19 32 9 0 0 0 254 255 6011857
20 255 191 255 18 32 9 0 0 0 254 255 6106085
16 255 188 255 20 32 9 0 0 0 254 255 6200318
15 255 187 255 12 32 9 0 255 255 254 255 6298615
239 254 178 255 251 31 9 0 255 255 254 255 6392945
222 254 155 255 7 32 9 0 254 255 254 255 6491063
205 254 197 255 229 31 9 0 253 255 254 255 6585433
200 254 129 255 37 32 9 0 251 255 254 255 6679555
209 253 163 255 47 32 8 0 249 255 254 255 6872050
122 253 147 255 190 31 8 0 247 255 254 255 6966427
69 253 118 255 35 32 8 0 245 255 254 255 7064558
240 252 97 255 54 32 8 0 244 255 255 255 7158831
240 252 163 255 105 32 8 0 246 255 0 0 7257101
116 252 221 255 194 32 10 0 247 255 0 0 7351326
164 252 68 0 167 32 11 0 248 255 0 0 7449627
193 252 122 0 116 32 12 0 248 255 0 0 7543917
20 253 82 0 251 31 12 0 248 255 255 255 7638071
23 253 93 0 236 31 11 0 248 255 0 0 7736439
5 253 122 0 5 32 11 0 248 255 0 0 7830599
1 253 143 0 219 31 10 0 250 255 0 0 7928942
149 253 100 0 34 31 10 0 252 255 0 0 8023181
77 254 12 0 183 30 10 0 251 255 0 0 8117285
112 254 36 0 118 31 9 0 251 255 0 0 8211573
84 254 71 0 67 32 10 0 252 255 0 0 8310536
123 254 241 255 220 32 10 0 254 255 0 0 8404148
59 254 11 0 176 32 9 0 253 255 0 0 8502473
228 253 112 0 146 32 7 0 251 255 1 0 8600668
47 254 225 0 45 32 7 0 252 255 3 0 8694910
123 254 228 0 209 31 7 0 0 0 1 0 8789170
155 254 90 0 110 31 7 0 0 0 0 0 8887429
81 255 250 255 195 31 5 0 1 0 255 255 9075870
248 254 21 0 204 31 5 0 254 255 0 0 9174173
194 254 95 0 237 31 5 0 254 255 0 0 9272473
185 254 108 0 188 31 7 0 255 255 0 0 9362609
219 254 124 0 99 31 10 0 253 255 0 0 9460996
29 255 170 0 109 31 11 0 253 255 0 0 9559274
155 255 226 0 193 30 9 0 253 255 0 0 9747625
171 254 122 0 54 31 9 0 251 255 1 0 9845930
93 254 179 0 239 31 8 0 251 255 2 0 9940202
38 254 232 0 62 32 7 0 249 255 2 0 10034456
188 253 215 0 76 32 6 0 246 255 0 0 10132764
26 253 162 0 64 32 5 0 246 255 0 0 10227007
255 252 155 0 3 32 5 0 248 255 1 0 10325223
60 253 123 0 173 31 5 0 248 255 0 0 10419457
216 252 253 255 170 31 7 0 245 255 254 255 10517859
171 252 178 255 188 31 8 0 246 255 254 255 10611966
43 253 228 255 238 31 10 0 247 255 255 255 10706156
79 253 1 0 3 32 13 0 245 255 252 255 10804460
3 253 158 255 9 32 13 0 245 255 251 255 10898837
138 253 74 255 3 32 14 0 243 255 249 255 10992989
91 252 185 254 243 31 14 0 245 255 250 255 11091290
54 252 213 254 237 31 14 0 246 255 251 255 11189567
84 252 133 254 218 31 15 0 247 255 251 255 11283783
140 252 152 254 15 32 14 0 247 255 252 255 11378098
189 252 246 254 61 32 15 0 248 255 253 255 11472217
57 253 48 255 43 32 16 0 250 255 253 255 11570459
6 253 34 255 194 31 17 0 251 255 253 255 11664786
70 254 55 255 166 32 17 0 249 255 253 255 11762964
203 253 39 255 190 33 17 0 249 255 254 255 11861318
209 253 66 255 154 33 19 0 251 255 255 255 11955606
171 253 61 255 52 33 19 0 250 255 255 255 12049757
80 253 99 255 229 32 19 0 250 255 255 255 12144013
4 253 127 255 235 31 19 0 250 255 255 255 12242347
17 253 209 255 114 31 20 0 249 255 255 255 12336538
80 253 185 255 207 30 20 0 249 255 254 255 12529630
145 253 168 255 180 30 19 0 249 255 253 255 12627374
149 253 145 255 138 30 18 0 249 255 253 255 12721575
202 253 117 255 163 30 17 0 250 255 253 255 12815812
213 253 134 255 140 30 16 0 249 255 254 255 12914040
186 253 137 255 120 30 16 0 250 255 254 255 13008313
216 253 131 255 177 30 15 0 250 255 253 255 13106571
248 253 92 255 30 31 15 0 249 255 253 255 13200812
233 253 93 255 106 31 15 0 249 255 253 255 13299081
198 253 68 255 178 31 15 0 250 255 252 255 13393330
242 253 86 255 194 31 15 0 251 255 252 255 13487663
254 253 68 255 201 31 16 0 252 255 252 255 13585829
43 254 52 255 220 31 17 0 252 255 252 255 13680093
62 254 6 255 238 31 19 0 251 255 252 255 13778426
50 254 3 255 254 31 22 0 251 255 253 255 13872558
11 254 42 255 231 31 25 0 251 255 253 255 13966843
236 253 22 255 235 31 29 0 251 255 254 255 14065111
217 253 21 255 235 31 35 0 251 255 255 255 14159323
222 253 83 255 230 31 41 0 251 255 255 255 14257655
216 253 135 255 231 31 47 0 251 255 0 0 14351841
212 253 129 255 227 31 53 0 251 255 0 0 14450202
218 253 120 255 220 31 60 0 251 255 0 0 14544514
255 253 105 255 215 31 66 0 251 255 0 0 14638628
251 253 64 255 182 31 72 0 250 255 0 0 14737028
7 254 27 255 168 31 79 0 250 255 0 0 14831109
20 254 13 255 189 31 85 0 250 255 255 255 14929391
68 254 217 254 231 31 91 0 250 255 255 255 15023652
131 254 157 254 21 32 97 0 250 255 255 255 15117966
184 254 152 254 20 32 104 0 251 255 255 255 15216174
220 254 197 254 252 31 111 0 251 255 255 255 15310522
236 254 197 254 225 31 118 0 252 255 255 255 15408719
252 254 169 254 217 31 125 0 252 255 255 255 15502972
6 255 131 254 238 31 131 0 252 255 255 255 15597107
72 255 149 254 244 31 137 0 253 255 255 255 15695537
79 255 146 254 8 32 142 0 252 255 255 255 15789648
54 255 151 254 244 31 148 0 252 255 0 255 15883914
43 255 141 254 251 31 153 0 252 255 255 255 15982185
31 255 128 254 235 31 158 0 252 255 255 255 16076464
35 255 131 254 209 31 162 0 252 255 254 255 16174753
18 255 166 254 214 31 166 0 251 255 254 255 16268911
5 255 181 254 219 31 170 0 251 255 253 255 16367243
13 255 207 254 232 31 174 0 251 255 253 255 16461470
233 254 207 254 201 31 177 0 251 255 254 255 16559844
250 254 248 254 197 31 181 0 250 255 254 255 16654072
232 254 4 255 201 31 185 0 250 255 255 255 16748329
8 255 38 255 4 31 190 0 250 255 255 255 16842585
13 255 77 255 35 32 195 0 249 255 255 255 16940677
237 254 54 255 97 32 200 0 248 255 0 0 17034879
218 254 20 255 139 32 206 0 248 255 0 0 17133230
211 254 20 255 79 32 213 0 248 255 1 0 17227439
16 255 85 255 1 32 220 0 248 255 1 0 17325742
62 255 80 255 221 31 226 0 248 255 0 0 17419932
59 255 75 255 177 31 232 0 248 255 0 0 17518255
58 255 95 255 166 31 238 0 248 255 0 0 17612441
33 255 94 255 197 31 243 0 247 255 0 0 17706665
248 254 102 255 221 31 249 0 248 255 0 0 17805034
5 255 122 255 237 31 255 0 248 255 255 255 17899214
243 254 127 255 218 31 5 1 248 255 255 255 17993460
0 255 167 255 190 31 10 1 248 255 255 255 18091707
14 255 191 255 164 31 16 1 247 255 255 255 18185979
2 255 155 255 200 31 22 1 246 255 255 255 18284291
234 254 138 255 236 31 27 1 245 255 255 255 18378483
187 254 152 255 5 32 33 1 245 255 255 255 18472751
181 254 119 255 249 31 40 1 245 255 255 255 18570957
168 254 50 255 251 31 46 1 245 255 255 255 18665209
175 254 42 255 250 31 51 1 245 255 255 255 18763503
182 254 61 255 24 32 203 254 245 255 0 0 18951957
202 254 42 255 35 32 208 254 245 255 0 0 19050262
226 254 71 255 14 32 213 254 245 255 0 0 19144473
210 254 140 255 222 31 218 254 245 255 0 0 19242785
160 254 208 255 223 31 221 254 245 255 0 0 19336995
184 254 218 255 254 31 225 254 246 255 255 255 19431251
204 254 226 255 22 32 229 254 246 255 254 255 19529575
172 254 231 255 5 32 232 254 246 255 253 255 19623752
137 254 224 255 2 32 235 254 246 255 253 255 19722063
147 254 213 255 251 31 239 254 247 255 253 255 19816287
172 254 183 255 234 31 242 254 246 255 253 255 19914600
194 254 166 255 222 31 245 254 246 255 253 255 20008831
240 254 121 255 225 31 248 254 246 255 253 255 20107089
5 255 104 255 2 32 250 254 246 255 253 255 20201272
22 255 87 255 251 31 252 254 246 255 253 255 20295536
47 255 53 255 252 31 254 254 246 255 252 255 20389765
84 255 39 255 35 32 1 255 246 255 252 255 20488081
206 254 21 255 41 32 4 255 245 255 251 255 20582276
76 254 251 254 25 32 7 255 245 255 251 255 20680587
29 254 12 255 236 31 9 255 246 255 250 255 20774823
141 254 76 255 27 32 13 255 248 255 250 255 20971376
217 254 91 255 33 32 16 255 247 255 250 255 21065642
177 254 79 255 249 31 18 255 246 255 250 255 21159801
202 254 61 255 224 31 21 255 246 255 250 255 21254112
250 254 97 255 244 31 23 255 245 255 250 255 21352397
127 254 103 255 33 32 25 255 244 255 251 255 21446612
42 254 236 254 115 32 28 255 245 255 251 255 21544905
6 254 152 254 87 32 32 255 247 255 253 255 21639128
29 254 227 254 58 32 35 255 249 255 254 255 21737439
60 254 113 255 6 32 39 255 249 255 255 255 21831635
63 254 245 255 157 31 41 255 248 255 255 255 21929937
126 254 53 0 162 31 43 255 249 255 255 255 22024154
194 254 78 0 216 31 44 255 249 255 255 255 22118396
20 255 111 0 188 31 44 255 249 255 255 255 22216685
59 255 91 0 198 31 44 255 248 255 255 255 22310919
37 255 72 0 245 31 44 255 248 255 255 255 22405080
59 255 57 0 44 32 43 255 250 255 255 255 22503403
97 255 82 0 180 32 42 255 251 255 255 255 22597679
109 255 11 0 177 32 41 255 252 255 253 255 22695954
119 255 222 255 132 32 39 255 252 255 253 255 22790145
143 255 170 255 32 32 39 255 253 255 253 255 22884382
102 255 205 255 101 32 38 255 253 255 253 255 22982710
77 255 154 255 225 31 37 255 254 255 254 255 23076928
167 255 213 255 5 32 38 255 0 0 254 255 23175236
247 255 246 255 194 31 39 255 255 0 254 255 23269435
248 255 222 255 4 32 40 255 255 255 254 255 23363641
123 0 31 0 255 31 40 255 0 0 254 255 23461961
21 1 52 0 4 32 43 255 1 0 254 255 23654543
171 0 236 255 12 32 43 255 0 0 253 255 23748694
95 0 224 255 101 32 43 255 1 0 254 255 23842914
152 1 17 0 220 31 45 255 2 0 0 0 23941184
136 1 55 0 178 31 47 255 0 0 1 0 24035437
33 1 65 0 229 31 49 255 0 0 1 0 24133698
0 1 75 0 214 31 51 255 1 0 2 0 24227895
8 1 161 0 168 31 52 255 2 0 2 0 24326215
78 1 190 0 201 31 54 255 2 0 2 0 24420456
111 1 189 0 206 31 55 255 3 0 1 0 24514668
130 1 175 0 216 31 56 255 3 0 1 0 24612958
232 1 172 0 236 31 57 255 4 0 1 0 24707249
5 2 176 0 246 31 58 255 4 0 0 0 24805522
17 2 123 0 245 31 59 255 4 0 0 0 24899717
28 2 95 0 238 31 60 255 5 0 1 0 24998030
252 1 115 0 56 32 60 255 5 0 1 0 25092266
45 2 185 0 251 31 60 255 6 0 0 0 25186466
32 2 142 0 185 31 61 255 7 0 0 0 25284757
237 1 88 0 220 31 60 255 7 0 255 255 25378992
234 1 100 0 201 31 61 255 8 0 255 255 25477342
245 1 32 0 201 31 61 255 8 0 254 255 25571498
27 2 249 255 241 31 62 255 8 0 254 255 25669829
38 2 206 255 35 32 63 255 7 0 254 255 25764008
35 2 213 255 25 32 64 255 7 0 255 255 25858276
53 2 235 255 48 32 66 255 7 0 255 255 25956537
77 2 1 0 9 32 69 255 8 0 255 255 26050761
189 2 22 0 23 32 70 255 8 0 255 255 26145008
208 2 15 0 43 32 73 255 7 0 0 0 26243320
206 2 251 255 26 32 77 255 6 0 0 0 26337499
191 2 222 255 54 32 80 255 6 0 0 0 26435796
184 2 224 255 29 32 85 255 6 0 0 0 26530064
195 2 242 255 251 31 89 255 6 0 0 0 26624236
182 2 0 0 255 31 99 255 6 0 1 0 26816763
171 2 211 255 253 31 105 255 6 0 0 0 26915073
214 2 220 255 223 31 110 255 6 0 0 0 27009343
203 2 2 0 177 31 116 255 6 0 0 0 27103513
158 2 252 255 171 31 121 255 5 0 0 0 27201846
161 2 204 255 200 31 127 255 5 0 0 0 27296053
160 2 191 255 227 31 133 255 4 0 0 0 27394407
118 2 183 255 240 31 139 255 4 0 0 0 27488572
101 2 187 255 5 32 145 255 4 0 0 0 27586865
82 2 182 255 243 31 151 255 3 0 0 0 27681068
69 2 174 255 14 32 156 255 3 0 0 0 27775322
100 2 160 255 25 32 161 255 2 0 1 0 27873623
106 2 189 255 59 32 165 255 2 0 1 0 27967824
153 2 202 255 25 32 170 255 3 0 2 0 28062057
195 2 204 255 219 31 175 255 3 0 2 0 28160443
224 2 228 255 167 31 179 255 4 0 1 0 28254564
238 2 16 0 245 31 184 255 3 0 1 0 28352885
183 2 50 0 54 32 188 255 3 0 1 0 28447140
84 2 42 0 6 32 192 255 4 0 1 0 28541342
4 2 61 0 29 32 196 255 4 0 1 0 28639600
58 2 31 0 4 32 203 255 6 0 0 0 28832157
63 2 243 0 13 32 206 255 6 0 0 0 28926449
47 2 237 255 19 32 210 255 5 0 0 0 29020575
120 2 12 0 14 32 214 255 6 0 0 0 29118845
179 2 47 0 16 32 219 255 5 0 0 0 29217161
156 2 40 0 43 32 223 255 5 0 0 0 29311396
104 2 236 255 11 32 229 255 5 0 0 0 29405678
132 2 1 0 29 32 234 255 5 0 0 0 29503914
68 2 210 255 5 32 238 255 3 0 0 0 29598198
57 2 185 255 250 32 243 255 3 0 1 0 29692420
35 2 162 255 247 31 247 255 3 0 1 0 29790733
37 2 150 255 214 31 253 255 3 0 2 0 29888944
93 2 181 255 226 31 1 0 3 0 2 0 29979091
102 2 211 255 210 31 7 0 2 0 2 0 30077460
137 2 251 255 222 31 12 0 2 0 1 0 30175686
132 2 39 0 245 31 18 0 2 0 1 0 30269931
98 2 46 0 2 32 24 0 2 0 0 0 30364154
83 2 59 0 228 31 30 0 2 0 0 0 30462483
108 2 56 0 224 31 35 0 2 0 0 0 30556693
114 2 75 0 237 31 41 0 2 0 0 0 30654929
99 2 73 0 237 31 46 0 1 0 0 0 30749177
85 2 53 0 247 31 51 0 1 0 0 0 30843521
37 2 0 0 241 31 57 0 1 0 0 0 30941745
18 2 227 255 2 32 62 0 1 0 0 0 31035907
2 2 198 255 10 32 66 0 1 0 0 0 31134205
250 1 190 255 21 32 71 0 1 0 0 0 31228504
251 1 221 255 5 32 75 0 1 0 0 0 31322703
40 2 246 255 214 31 80 0 1 0 0 0 31421025
62 2 37 0 183 31 84 0 0 0 0 0 31515227
101 2 59 0 205 31 89 0 0 0 0 0 31609456
76 2 99 0 251 31 93 0 0 0 0 0 31707790
30 2 133 0 8 32 96 0 255 255 0 0 31801912
37 2 151 0 0 32 99 0 255 255 0 0 31900238
38 2 162 0 26 32 101 0 254 255 0 0 31994501
235 1 143 0 7 32 102 0 254 255 0 0 32092801
227 1 102 0 26 32 102 0 254 255 1 0 32187001
216 1 128 0 58 32 102 0 254 255 0 0 32281221
197 1 141 0 88 32 102 0 254 255 0 0 32379534
175 1 120 0 225 31 102 0 254 255 0 0 32572016
104 1 120 0 247 31 102 0 255 255 0 0 32666260
76 1 147 0 243 31 102 0 255 255 1 0 32764581
46 1 209 0 199 31 101 0 0 0 1 0 32858754
29 1 17 1 226 31 101 0 0 0 1 0 32957077
103 1 21 1 44 32 101 0 0 0 1 0 33051368
114 1 26 1 48 32 100 0 255 255 2 0 33145521
113 1 91 1 53 32 99 0 255 255 2 0 33243822
91 1 114 1 31 32 100 0 255 255 2 0 33338050
69 1 67 1 57 32 99 0 255 255 3 0 33530574
198 1 133 1 254 31 98 0 0 0 4 0 33628884
97 1 102 1 250 31 97 0 254 255 4 0 33723106
10 1 55 1 44 32 96 0 255 255 4 0 33817253
236 0 89 1 247 31 95 0 0 0 5 0 33911527
193 0 123 1 202 31 94 0 0 0 7 0 34009817
181 0 152 1 205 31 92 0 0 0 8 0 34108116
250 0 246 1 177 31 91 0 0 0 8 0 34202421
254 0 239 1 207 31 90 0 0 0 7 0 34296544
214 0 203 1 220 31 88 0 0 0 7 0 34390787
9 1 214 1 1 32 86 0 0 0 6 0 34489089
54 1 213 1 239 31 84 0 0 0 6 0 34583306
44 1 169 1 11 32 81 0 0 0 6 0 34681573
51 1 194 1 67 32 79 0 0 0 6 0 34775839
77 1 206 1 106 32 77 0 0 0 6 0 34870058
254 0 201 1 87 32 74 0 0 0 6 0 34968467
234 0 222 1 66 32 72 0 1 0 6 0 35066644
238 0 231 1 32 32 69 0 2 0 5 0 35160851
37 1 221 1 24 32 66 0 3 0 5 0 35255114
81 1 241 1 236 31 64 0 4 0 5 0 35353390
156 1 232 1 246 31 61 0 4 0 5 0 35447589
192 1 243 1 235 31 58 0 4 0 5 0 35542030
213 1 239 1 225 31 54 0 4 0 5 0 35640144
15 2 228 1 218 31 50 0 5 0 4 0 35738435
92 2 213 1 223 31 45 0 6 0 5 0 35828548
61 2 194 1 245 31 41 0 6 0 4 0 35926848
64 2 162 1 246 31 37 0 6 0 4 0 36021071
106 2 138 1 233 31 34 0 7 0 3 0 36119392
137 2 115 1 217 31 31 0 7 0 3 0 36213602
167 2 135 1 243 31 28 0 7 0 4 0 36307823
191 2 129 1 249 31 26 0 7 0 4 0 36406140
174 2 134 1 255 31 24 0 6 0 4 0 36504512
179 2 179 1 246 31 22 0 6 0 4 0 36598661
235 2 230 1 25 32 20 0 6 0 4 0 36696957
25 3 27 2 197 31 18 0 7 0 5 0 36791221
73 3 75 2 220 31 16 0 6 0 6 0 36885440
40 3 103 2 244 31 15 0 4 0 6 0 36983682
10 3 109 2 226 31 15 0 5 0 5 0 37077906
214 2 73 2 49 32 15 0 5 0 5 0 37172129
250 2 33 2 124 32 14 0 6 0 5 0 37270481
130 2 7 2 31 32 13 0 6 0 6 0 37364702
108 2 38 2 248 31 12 0 7 0 5 0 37462995
84 2 33 2 216 31 10 0 7 0 6 0 37557200
255 1 39 2 158 31 6 0 8 0 6 0 37749724
39 2 41 2 236 31 4 0 8 0 6 0 37843928
43 2 54 2 39 32 0 0 7 0 6 0 37942228
47 2 78 2 3 32 253 255 7 0 7 0 38036460
78 2 77 2 230 31 250 255 7 0 7 0 38134769
139 2 49 2 244 31 245 255 7 0 6 0 38228958
176 2 6 2 35 32 241 255 7 0 6 0 38327242
188 2 249 1 72 32 235 255 7 0 5 0 38417424
181 2 251 1 44 32 230 255 8 0 5 0 38515755
191 2 17 2 15 32 226 255 8 0 4 0 38609955
209 2 16 2 249 31 221 255 9 0 3 0 38708258
219 2 5 2 219 31 216 255 9 0 3 0 38802502
205 2 36 2 222 31 212 255 8 0 2 0 38900760
157 2 47 2 246 31 207 255 7 0 2 0 38995022
110 2 32 2 13 32 201 255 7 0 1 0 39093277
89 2 19 2 211 31 196 255 7 0 1 0 39187510
103 2 243 1 182 31 191 255 6 0 0 0 39281941
58 2 177 1 191 31 186 255 5 0 0 0 39380016
33 2 104 1 207 31 181 255 4 0 255 255 39474242
13 2 49 1 13 32 176 255 3 0 254 255 39568502
235 1 30 1 40 32 171 255 3 0 254 255 39666792
9 2 76 1 59 32 165 255 3 0 255 255 39765067
25 2 132 1 214 31 161 255 3 0 255 255 39859284
139 2 128 1 192 31 157 255 3 0 0 0 39953526
157 2 94 1 241 31 154 255 2 0 0 0 40047726
60 2 43 1 50 32 151 255 2 0 0 0 40146052
5 2 30 1 127 32 148 255 2 0 0 0 40244308
149 1 11 1 157 32 146 255 2 0 0 0 40338553
87 1 190 0 84 32 144 255 3 0 0 0 40432784
160 1 215 0 6 32 142 255 5 0 0 0 40531097
213 1 20 1 185 31 141 255 6 0 0 0 40625285
34 2 63 1 225 31 137 255 4 0 0 0 40817848
232 1 50 1 9 32 135 255 3 0 255 255 40912040
206 1 32 1 11 32 133 255 2 0 255 255 41010304
195 1 4 1 242 31 132 255 2 0 0 0 41108600
146 1 238 0 226 31 131 255 1 0 0 0 41202860
198 1 249 0 213 31 130 255 2 0 0 0 41297082
1 2 243 0 255 31 129 255 1 0 0 0 41391312
182 1 231 0 108 32 129 255 0 0 0 0 41489550
20 1 21 1 102 32 128 255 0 0 0 0 41583835
6 1 38 1 90 32 127 255 2 0 0 0 41678029
68 1 7 1 243 31 126 255 3 0 255 255 41776432
131 1 206 0 167 31 126 255 3 0 255 255 41870559
154 1 159 0 152 31 125 255 3 0 255 255 41968868
75 1 226 0 230 31 125 255 4 0 255 255 42157339
136 1 32 1 252 31 126 255 5 0 255 255 42255613
203 1 103 1 229 31 126 255 4 0 255 255 42349802
163 1 41 1 231 31 129 255 3 0 254 255 42542356
115 1 247 0 90 32 131 255 2 0 254 255 42734991
156 1 253 0 110 32 132 255 3 0 255 255 42833219
156 1 38 1 79 32 134 255 3 0 0 0 42927477
123 1 56 1 35 32 136 255 2 0 1 0 43021627
104 1 73 1 15 32 138 255 2 0 1 0 43119931
92 1 52 1 212 31 141 255 3 0 1 0 43218205
68 1 8 1 180 31 143 255 2 0 2 0 43312419
45 1 254 0 216 31 146 255 2 0 3 0 43406706
59 1 233 0 190 31 149 255 2 0 4 0 43505008
71 1 230 0 210 31 152 255 2 0 4 0 43599142
6 1 216 0 251 31 155 255 1 0 3 0 43693390
45 1 246 0 1 32 157 255 1 0 4 0 43791704
70 1 9 1 0 32 159 255 1 0 4 0 43885971
67 1 42 1 199 31 160 255 1 0 3 0 43984196
148 1 74 1 213 31 162 255 1 0 3 0 44078424
192 1 52 1 65 32 163 255 0 0 2 0 44172705
137 1 35 1 158 32 163 255 0 0 2 0 44270939
82 1 65 1 93 32 164 255 1 0 1 0 44365197
45 1 43 1 74 32 164 255 1 0 1 0 44459463
24 1 12 1 44 32 164 255 2 0 1 0 44557710
25 1 14 1 219 31 162 255 2 0 1 0 44651959
30 1 32 1 175 31 162 255 2 0 1 0 44750222
10 1 65 1 174 31 161 255 2 0 1 0 44844444
237 0 34 1 228 31 161 255 2 0 0 0 44938722
225 0 25 1 8 32 161 255 2 0 0 0 45036978
177 0 35 1 17 32 161 255 1 0 0 0 45135300
147 0 11 1 17 32 161 255 1 0 0 0 45229485
180 0 235 0 34 32 160 255 1 0 0 0 45323683
188 0 238 0 40 32 159 255 0 0 0 0 45417914
161 0 180 0 85 32 160 255 0 0 0 0 45516244
127 0 123 0 42 32 162 255 0 0 0 0 45614547
205 0 149 0 53 32 165 255 1 0 0 0 45708772
222 0 101 0 8 32 168 255 2 0 255 255 45802951
13 1 94 0 243 31 172 255 3 0 0 0 45901306
44 1 141 0 215 31 176 255 2 0 0 0 45995491
46 1 142 0 211 31 181 255 2 0 0 0 46093782
37 1 147 0 228 31 185 255 1 0 0 0 46188025
235 0 179 0 254 31 190 255 0 0 0 0 46282232
181 0 136 0 21 32 195 255 0 0 0 0 46380573
149 0 49 0 22 32 200 255 0 0 0 0 46474785
92 0 22 0 16 32 205 255 0 0 0 0 46573040
72 0 47 0 3 32 211 255 0 0 0 0 46667324
24 0 19 0 14 32 217 255 255 255 0 0 46761536
20 0 10 0 15 32 222 255 0 0 255 255 46859830
82 0 16 0 249 31 226 255 0 0 255 255 46954050
89 0 252 255 7 32 230 255 0 0 255 255 47052291
90 0 224 255 5 32 233 255 0 0 255 255 47146517
78 0 224 255 28 32 236 255 0 0 255 255 47240726
90 0 229 255 29 32 237 255 0 0 0 0 47339054
133 0 20 0 22 32 239 255 0 0 0 0 47437415
169 0 35 0 39 32 241 255 0 0 0 0 47531634
155 0 70 0 39 32 242 255 255 255 0 0 47625812
179 0 102 0 255 31 244 255 0 0 0 0 47724133
190 0 90 0 36 32 246 255 0 0 0 0 47818338
196 0 104 0 23 32 247 255 0 0 0 0 47916623
245 0 140 0 240 31 248 255 0 0 0 0 48010892
91 1 190 0 34 32 249 255 0 0 1 0 48105072
202 1 172 0 200 32 251 255 0 0 1 0 48199312
14 1 189 0 15 32 252 255 0 0 2 0 48297585
20 1 173 0 240 31 254 255 1 0 1 0 48391845
106 1 122 0 11 32 255 255 2 0 1 0 48490075
81 1 114 0 214 31 0 0 1 0 1 0 48584329
68 1 87 0 244 31 0 0 1 0 0 0 48678612
42 1 27 0 182 31 2 0 2 0 0 0 48776899
21 1 65 0 143 31 4 0 2 0 1 0 48871078
226 0 98 0 200 31 5 0 2 0 1 0 48969425
112 0 119 0 10 32 7 0 2 0 0 0 49063562
243 0 163 0 11 32 9 0 4 0 0 0 49157818
96 1 159 0 225 31 11 0 4 0 0 0 49256150
108 1 158 0 210 31 13 0 3 0 0 0 49354414
148 1 194 0 254 31 15 0 3 0 0 0 49448681
152 1 177 0 26 32 18 0 2 0 0 0 49542942
148 1 174 0 97 32 21 0 2 0 1 0 49637093
203 1 254 0 92 32 25 0 3 0 1 0 49735437
181 1 142 0 88 32 29 0 2 0 1 0 49829601
102 1 40 0 214 31 37 0 3 0 3 0 50022089
120 1 51 0 159 31 40 0 3 0 3 0 50120415
121 1 69 0 198 31 43 0 2 0 3 0 50214672
104 1 54 0 220 31 47 0 2 0 4 0 50308920
113 1 61 0 226 31 50 0 2 0 4 0 50407178
116 1 86 0 230 31 53 0 1 0 4 0 50501447
58 1 116 0 252 31 58 0 1 0 3 0 50599726
68 1 141 0 28 32 61 0 1 0 3 0 50693929
61 1 135 0 54 32 64 0 0 0 2 0 50792254
117 1 98 0 252 31 67 0 1 0 1 0 50886418
161 1 72 0 208 31 71 0 1 0 1 0 50984806
175 1 70 0 9 32 75 0 0 0 0 0 51078957
141 1 52 0 83 32 79 0 0 0 0 0 51173205
232 1 40 0 191 32 83 0 0 0 1 0 51271461
22 1 81 0 232 31 91 0 0 0 3 0 51459992
14 1 87 0 0 32 95 0 0 0 3 0 51558212
199 0 23 0 217 31 98 0 0 0 2 0 51652434
212 0 21 0 237 31 101 0 0 0 3 0 51746666
192 0 62 0 39 32 103 0 255 255 2 0 51844974
152 0 60 0 46 32 106 0 255 255 2 0 51943298
167 0 79 0 21 32 110 0 0 0 2 0 52037539
190 0 93 0 218 31 113 0 0 0 2 0 52135818
235 0 197 0 219 31 117 0 0 0 3 0 52230035
70 1 86 1 255 31 120 0 1 0 3 0 52324285
78 1 52 1 217 31 122 0 0 0 3 0 52422555
109 1 68 1 79 32 125 0 0 0 4 0 52516815
37 1 13 1 126 32 129 0 255 255 5 0 52615056
235 0 241 0 88 32 133 0 0 0 5 0 52709288
220 0 17 1 4 32 137 0 0 0 5 0 52803494
23 1 28 1 211 31 141 0 0 0 6 0 52901803
38 1 64 1 203 31 144 0 0 0 6 0 52996003
65 1 50 1 224 31 148 0 255 255 6 0 53094324
31 1 15 1 212 31 150 0 254 255 6 0 53188485
230 0 244 0 226 31 152 0 253 255 5 0 53282801
209 0 40 1 6 32 153 0 254 255 5 0 53381035
228 0 96 1 16 32 154 0 254 255 5 0 53475246
44 1 88 1 235 31 155 0 253 255 5 0 53573611
30 1 59 1 250 31 155 0 253 255 4 0 53667743
54 1 65 1 239 31 155 0 253 255 4 0 53766126
56 1 72 1 251 31 156 0 253 255 4 0 53860300
38 1 24 1 75 32 157 0 254 255 4 0 53954520
94 1 6 1 149 32 157 0 254 255 4 0 54052856
216 0 249 0 83 32 158 0 0 0 4 0 54241342
201 0 18 1 57 32 158 0 1 0 4 0 54339631
192 0 251 0 254 31 158 0 2 0 4 0 54433849
253 0 15 1 219 31 157 0 3 0 4 0 54532097
67 1 81 1 149 31 156 0 4 0 4 0 54626321
137 1 93 1 170 31 156 0 3 0 4 0 54720522
179 1 77 1 242 31 155 0 3 0 3 0 54818875
236 1 74 1 196 31 155 0 5 0 3 0 54917148
81 2 80 1 245 31 154 0 5 0 2 0 55011434
154 2 62 1 23 32 153 0 6 0 2 0 55105634
234 2 43 1 60 32 152 0 6 0 1 0 55199829
188 2 218 0 72 32 152 0 6 0 0 0 55298165
80 2 123 0 5 32 151 0 6 0 1 0 55392338
134 2 99 0 216 32 151 0 8 0 2 0 55486528
200 2 117 0 160 31 150 0 7 0 2 0 55584868
159 2 84 0 152 31 150 0 6 0 1 0 55683154
119 2 53 0 169 31 149 0 6 0 1 0 55777429
77 2 57 0 209 31 148 0 6 0 1 0 55871582
43 2 65 0 226 31 147 0 6 0 2 0 55969913
88 2 102 0 3 32 146 0 6 0 2 0 56064067
75 2 83 0 27 32 146 0 7 0 1 0 56158327
78 2 79 0 5 32 144 0 7 0 1 0 56256657
97 2 72 0 10 32 142 0 6 0 0 0 56350908
120 2 30 0 14 32 138 0 6 0 0 0 56449184
168 2 26 0 49 32 135 0 6 0 1 0 56543443
215 2 32 0 0 32 131 0 6 0 2 0 56637671
21 3 25 0 232 31 128 0 6 0 2 0 56735946
45 3 81 0 230 31 124 0 6 0 2 0 56830139
44 3 127 0 40 32 121 0 7 0 2 0 56928451
27 3 171 0 95 32 117 0 7 0 2 0 57022641
205 2 193 0 78 32 112 0 8 0 1 0 57120948
31 3 175 0 83 32 108 0 10 0 1 0 57215185
96 3 161 0 242 31 104 0 11 0 0 0 57309466
126 3 122 0 154 31 100 0 12 0 0 0 57407721
197 3 169 0 101 31 95 0 11 0 0 0 57506315
183 3 235 0 160 31 91 0 9 0 0 0 57600247
102 3 38 1 246 31 87 0 9 0 0 0 57694446
56 3 27 1 6 32 83 0 10 0 0 0 57788689
83 3 19 1 16 32 80 0 10 0 0 0 57886937
68 3 4 1 0 32 76 0 10 0 0 0 57981171
65 3 56 1 215 31 73 0 9 0 1 0 58079442
73 3 121 1 3 32 71 0 9 0 1 0 58173705
88 3 142 1 28 32 69 0 9 0 2 0 58267922
246 2 100 1 46 32 66 0 9 0 2 0 58366204
20 3 107 1 70 32 62 0 11 0 3 0 58460471
102 3 162 1 1 32 59 0 12 0 3 0 58558747
96 3 158 1 163 31 57 0 12 0 2 0 58652970
118 3 93 1 150 31 52 0 12 0 2 0 58747234
148 3 104 1 141 31 47 0 13 0 2 0 58845446
246 3 160 1 205 31 42 0 13 0 2 0 58943812
197 3 149 1 9 32 37 0 12 0 1 0 59038028
222 3 104 1 67 32 31 0 12 0 1 0 59132250
6 4 72 1 245 31 25 0 12 0 1 0 59230496
13 4 103 1 177 31 18 0 12 0 1 0 59324721
197 3 181 1 125 31 12 0 12 0 1 0 59423061
180 3 163 1 65 32 4 0 11 0 1 0 59517310
130 3 180 1 9 32 255 255 11 0 1 0 59611502
137 3 182 1 17 32 250 255 12 0 1 0 59709793
119 3 180 1 30 32 245 255 12 0 1 0 59804024
79 3 188 1 248 31 240 255 12 0 2 0 59902314
120 3 238 1 200 31 236 255 12 0 2 0 59996550
150 3 20 2 198 31 232 255 12 0 2 0 60094847
205 3 35 2 126 31 228 255 12 0 2 0 60189084
236 3 37 2 132 31 224 255 11 0 2 0 60283311
158 3 39 2 238 31 220 255 10 0 1 0 60377486
144 3 15 2 12 32 216 255 11 0 1 0 60475834
171 3 243 1 231 31 208 255 11 0 1 0 60668395
190 3 10 2 189 31 204 255 11 0 1 0 60762534
213 3 65 2 138 31 200 255 11 0 1 0 60856739
141 3 91 2 216 31 191 255 9 0 0 0 61049311
132 3 46 2 12 32 186 255 9 0 0 0 61147564
140 3 66 2 246 31 182 255 8 0 0 0 61241803
153 3 76 2 238 31 179 255 8 0 1 0 61336029
37 4 138 2 171 31 170 255 8 0 1 0 61532605
218 3 113 2 184 31 166 255 7 0 0 0 61626872
126 3 40 2 213 31 163 255 6 0 0 0 61721103
32 3 224 1 43 32 160 255 6 0 0 0 61819468
30 3 208 1 100 32 157 255 6 0 0 0 61913618
5 3 184 1 61 32 153 255 7 0 0 0 62011925
4 3 170 1 253 31 149 255 7 0 1 0 62106135
27 3 173 1 33 32 144 255 6 0 2 0 62200410
183 2 245 1 107 31 140 255 7 0 2 0 62298642
238 2 244 1 79 31 136 255 8 0 1 0 62392808
42 2 223 1 150 31 132 255 7 0 0 0 62487144
0 3 173 1 212 31 128 255 6 0 0 0 62585421
254 2 124 1 228 31 123 255 6 0 254 0 62679576
26 3 125 1 240 31 118 255 6 0 254 255 62777883
253 2 54 1 234 31 115 255 4 0 253 255 62872174
242 2 40 1 2 32 111 255 4 0 253 255 62966308
178 2 17 1 57 32 102 255 3 0 253 255 63163034
122 2 27 1 63 32 98 255 2 0 252 255 63257163
104 2 231 0 49 32 96 255 2 0 252 255 63351450
140 2 172 0 14 32 93 255 3 0 251 255 63449692
208 2 137 0 238 31 90 255 3 0 251 255 63543910
254 2 101 0 200 31 88 255 3 0 251 255 63638073
176 2 247 255 211 31 85 255 1 0 250 255 63736478
159 2 211 255 106 32 82 255 1 0 251 255 63834731
229 1 28 0 77 32 79 255 1 0 251 255 63928955
1 2 24 0 6 32 77 255 3 0 252 255 64023186
36 2 37 0 181 31 76 255 3 0 252 255 64117423
98 2 253 255 224 31 74 255 4 0 251 255 64215678
162 2 192 255 241 31 72 255 4 0 251 255 64314049
241 2 205 255 194 31 70 255 5 0 251 255 64408170
250 2 191 255 235 31 69 255 4 0 250 255 64502478
159 2 97 255 28 32 68 255 3 0 249 255 64600758
108 2 88 255 219 31 67 255 3 0 249 255 64694960
141 2 85 255 216 31 67 255 3 0 249 255 64789149
124 2 117 255 251 31 67 255 2 0 250 255 64887420
119 2 180 255 191 31 66 255 2 0 250 255 64981691
87 2 197 255 194 31 65 255 2 0 250 255 65080007
63 2 160 255 237 31 65 255 2 0 250 255 65174228
7 2 83 255 65 32 64 255 2 0 251 255 65268445
244 1 52 255 86 32 63 255 3 0 252 255 65366738
253 1 155 255 226 31 62 255 5 0 254 255 65460948
61 2 50 0 233 31 60 255 3 0 254 255 65653494
45 2 12 0 250 31 59 255 3 0 254 255 65751850
57 2 250 255 63 32 58 255 3 0 254 255 65846034
87 2 28 0 110 32 57 255 4 0 254 255 65940233
128 2 72 0 27 32 56 255 5 0 255 255 66038543
227 2 115 0 229 32 55 255 5 0 255 255 66132795
36 3 99 0 196 31 54 255 3 0 255 255 66231009
19 3 77 0 72 32 54 255 1 0 254 255 66325273
174 2 44 0 64 32 53 255 1 0 254 255 66419509
104 2 34 0 252 31 52 255 2 0 254 255 66517738
75 2 91 0 213 31 51 255 3 0 255 255 66612026
58 2 71 0 215 31 50 255 4 0 254 255 66710352
74 2 111 0 170 31 50 255 4 0 255 255 66804791
150 2 199 0 231 31 49 255 2 0 254 255 66898784
73 2 240 0 9 32 48 255 1 0 254 255 66997010
84 2 222 0 43 32 47 255 1 0 254 255 67091258
42 2 195 0 43 32 46 255 0 0 254 255 67189581
7 2 171 0 54 32 46 255 0 0 255 255 67283836
230 1 227 0 125 32 47 255 0 0 255 255 67382099
38 2 192 0 163 32 47 255 1 0 254 255 67476312
197 1 119 0 73 32 47 255 1 0 255 255 67570488
132 1 119 0 233 31 47 255 2 0 0 0 67668836
146 1 146 0 167 31 47 255 2 0 0 0 67763094
202 1 140 0 123 31 47 255 2 0 0 0 67857306
247 1 109 0 167 31 47 255 1 0 0 0 67955553
196 1 124 0 200 31 46 255 1 0 0 0 68049775
191 1 119 0 220 31 45 255 0 0 0 0 68148103
139 1 137 0 32 32 45 255 0 0 0 0 68242338
108 1 161 0 58 32 43 255 1 0 0 0 68340620
174 1 102 0 241 32 43 255 1 0 255 255 68434847
29 1 52 0 80 32 43 255 2 0 254 255 68529075
18 1 54 0 216 31 42 255 4 0 254 255 68627461
77 1 104 0 142 31 41 255 5 0 253 255 68721562
180 1 82 0 188 31 40 255 5 0 253 255 68815781
227 1 46 0 212 31 39 255 4 0 253 255 68914101
239 1 28 0 251 31 38 255 3 0 253 255 69012429
246 1 42 0 232 31 38 255 2 0 253 255 69106632
236 1 55 0 208 31 37 255 2 0 254 255 69200910
253 1 90 0 248 31 37 255 2 0 255 255 69295344
10 2 198 0 124 32 38 255 2 0 254 255 69393321
187 1 93 0 90 32 39 255 3 0 253 255 69491675
47 2 250 255 232 31 39 255 5 0 255 255 69680138
60 2 247 255 225 31 39 255 5 0 255 255 69778488
238 1 0 0 195 31 39 255 3 0 255 255 69872699
211 1 190 255 254 31 39 255 3 0 255 255 69966866
247 1 140 255 255 31 39 255 3 0 255 255 70065169
227 1 117 255 46 32 39 255 2 0 255 255 70163480
6 2 166 255 104 32 38 255 3 0 255 255 70257665
30 2 178 255 132 32 38 255 3 0 254 255 70351862
243 1 183 255 16 32 38 255 4 0 254 255 70446137
2 2 207 255 180 31 37 255 5 0 254 255 70544452
222 1 249 255 174 31 37 255 5 0 254 255 70642722
248 1 29 0 161 31 36 255 6 0 254 255 70736936
67 2 33 0 191 31 36 255 5 0 253 255 70831142
37 2 12 0 224 31 36 255 3 0 253 255 70929472
72 2 35 0 236 31 37 255 3 0 253 255 71023680
255 1 50 0 253 31 38 255 1 0 253 255 71216226
194 1 79 0 117 31 39 255 2 0 253 255 71310461
243 1 0 0 76 31 40 255 2 0 253 255 71404629
3 2 205 255 211 32 41 255 3 0 253 255 71502968
79 2 199 255 116 32 42 255 5 0 254 255 71597155
141 2 167 255 34 32 43 255 6 0 255 255 71695493
36 2 237 255 237 31 44 255 5 0 0 0 71789726
8 2 242 255 232 31 46 255 6 0 0 0 71887945
189 1 226 255 191 31 47 255 5 0 0 0 71982239
185 1 222 255 237 31 48 255 4 0 255 255 72080549
190 1 211 255 13 32 49 255 3 0 255 255 72174750
217 1 213 255 232 31 50 255 3 0 0 0 72268956
255 1 229 255 172 31 51 255 3 0 0 0 72367230
28 2 223 255 230 31 52 255 3 0 255 255 72461511
35 2 254 255 64 32 52 255 3 0 255 255 72555730
79 2 0 0 145 32 53 255 3 0 255 255 72654073
34 2 250 255 75 32 53 255 4 0 255 255 72752292
27 2 4 0 213 31 54 255 6 0 255 255 72846531
73 2 65 0 209 31 55 255 6 0 255 255 72940779
3 2 43 0 194 31 55 255 6 0 254 255 73039039
57 2 47 0 203 31 54 255 6 0 254 255 73133255
35 2 42 0 206 31 54 255 5 0 254 255 73227514
88 2 52 0 0 32 53 255 5 0 254 255 73325751
118 2 69 0 28 32 53 255 5 0 254 255 73420089
133 2 87 0 62 32 52 255 4 0 255 255 73518332
75 2 115 0 157 32 51 255 6 0 255 255 73710896
110 2 70 0 14 32 51 255 7 0 254 255 73805096
61 2 200 255 124 31 52 255 7 0 255 255 73899242
76 2 167 255 146 31 53 255 6 0 255 255 73997532
26 2 157 255 194 31 53 255 5 0 0 0 74091808
170 1 228 255 216 31 55 255 5 0 0 0 74190100
115 1 25 0 236 31 55 255 4 0 0 0 74284347
150 1 8 0 205 31 57 255 4 0 0 0 74378559
135 1 13 0 237 31 58 255 3 0 0 0 74476819
72 1 245 255 0 32 59 255 3 0 0 0 74571149
96 1 246 255 32 32 60 255 3 0 0 0 74669319
101 1 239 255 23 32 62 255 4 0 0 0 74763580
156 1 251 255 229 31 63 255 4 0 0 0 74857824
246 1 32 0 17 32 66 255 4 0 0 0 74956118
174 1 63 0 244 31 69 255 4 0 0 0 75050369
202 1 47 0 238 31 74 255 5 0 255 255 75148617
224 1 247 255 229 31 78 255 6 0 255 255 75242837
14 2 163 255 217 31 83 255 6 0 255 255 75337078
105 2 121 255 205 31 87 255 7 0 255 255 75435376
159 2 147 255 32 32 92 255 6 0 254 255 75529579
137 2 117 255 3 32 98 255 5 0 254 255 75627827
88 2 118 255 3 32 104 255 5 0 255 255 75722129
59 2 168 255 42 32 118 255 5 0 255 255 75914656
51 2 229 255 73 32 127 255 5 0 0 0 76012967
54 2 21 0 197 31 135 255 5 0 0 0 76107126
100 2 255 255 236 31 142 255 5 0 0 0 76201460
37 2 217 255 38 32 148 255 4 0 0 0 76299681
15 2 155 255 27 32 154 255 4 0 0 0 76393897
28 2 129 255 11 32 160 255 4 0 0 0 76488162
40 2 136 255 242 31 166 255 3 0 0 0 76586476
21 2 95 255 234 31 172 255 3 0 0 0 76680580
75 2 75 255 184 31 178 255 2 0 0 0 76778935
119 2 64 255 156 31 184 255 2 0 0 0 76873189
126 2 29 255 179 31 190 255 0 0 255 255 76971407
46 2 227 254 214 31 196 255 0 0 254 255 77065652
29 2 188 254 188 31 201 255 0 0 254 255 77163968
247 1 159 254 183 31 207 255 0 0 254 255 77258185
28 2 146 254 190 31 212 255 0 0 254 255 77352406
68 2 176 254 231 31 217 255 0 0 254 255 77450707
125 2 206 254 118 32 222 255 0 0 254 255 77544940
4 2 24 254 70 32 228 255 0 0 254 255 77639196
189 1 5 255 222 31 234 255 1 0 254 255 77737465
178 1 228 254 205 31 239 255 2 0 254 255 77831690
206 1 236 254 181 31 244 255 2 0 254 255 77925921
214 1 195 254 202 31 0 0 1 0 253 255 78118478
199 1 227 254 253 31 6 0 0 0 253 255 78216742
155 1 23 255 1 32 12 0 0 0 253 255 78310938
121 1 42 255 44 32 18 0 0 0 252 255 78409252
106 1 18 255 42 32 25 0 1 0 252 255 78503491
106 1 2 255 45 32 32 0 2 0 251 255 78597751
146 1 248 254 118 32 40 0 2 0 250 255 78695949
163 1 147 254 59 32 47 0 3 0 250 255 78790184
161 1 115 254 36 32 54 0 3 0 251 255 78888475
154 1 83 254 239 31 61 0 3 0 252 255 78982722
164 1 95 254 231 31 67 0 3 0 253 255 79076948
187 1 138 254 237 31 74 0 3 0 254 255 79175242
231 1 172 254 234 31 81 0 3 0 254 255 79269488
16 2 182 254 246 31 88 0 2 0 255 255 79367785
56 2 235 254 233 31 95 0 2 0 255 255 79462009
66 2 49 255 213 31 102 0 2 0 0 0 79560305
78 2 97 255 192 31 109 0 2 0 0 0 79654549
96 2 136 255 170 31 117 0 2 0 0 0 79748677
135 2 168 255 159 31 124 0 2 0 0 0 79847062
149 2 251 255 239 31 131 0 1 0 0 0 79941283
178 2 68 0 220 31 138 0 1 0 0 0 80039563
152 2 89 0 151 31 145 0 0 0 0 0 80133808
68 2 11 0 241 31 152 0 0 0 255 255 80232074
237 1 186 255 35 32 158 0 255 255 253 255 80326272
250 1 115 255 29 32 163 0 255 255 253 255 80420553
64 1 67 255 213 31 168 0 0 0 253 255 80514723
100 2 52 255 215 31 173 0 0 0 253 255 80613067
93 2 53 255 248 31 176 0 0 0 253 255 80711347
50 2 43 255 56 32 179 0 0 0 253 255 80805609
18 2 28 255 37 32 182 0 0 0 253 255 80899757
34 2 248 254 42 32 186 0 0 0 254 255 80998058
227 1 220 255 248 31 192 0 1 0 254 255 81190595
234 1 224 255 38 32 195 0 0 0 253 255 81284781
199 1 243 255 27 32 197 0 0 0 253 255 81379047
183 1 12 0 68 32 199 0 254 255 254 255 81473300
119 1 31 0 73 32 200 0 253 255 254 255 81571605
50 1 58 0 8 32 201 0 254 255 255 255 81669904
56 1 94 0 84 32 204 0 255 255 255 255 81858318
56 1 33 0 1 32 205 0 0 0 255 255 81952569
68 1 40 0 241 32 205 0 0 0 0 0 82050876
144 1 83 0 231 31 206 0 1 0 0 0 82149153
197 1 177 0 197 31 207 0 1 0 0 0 82243355
140 1 143 0 168 31 207 0 0 0 0 0 82337587
138 1 121 0 176 31 206 0 1 0 1 0 82435872
233 1 152 0 170 31 205 0 1 0 1 0 82530088
74 2 198 0 222 31 204 0 1 0 1 0 82628468
106 2 146 0 32 32 202 0 1 0 0 0 82722588
132 2 98 0 145 32 200 0 0 0 0 0 82816875
103 1 112 0 32 32 198 0 255 255 0 0 82915183
211 0 155 0 235 31 197 0 0 0 0 0 83009420
152 0 180 0 224 31 196 0 0 0 0 0 83107674
36 1 180 0 235 31 194 0 1 0 0 0 83201868
101 1 218 0 215 31 193 0 1 0 0 0 83296086
84 1 160 0 154 31 192 0 0 0 255 255 83394469
177 1 133 0 217 31 192 0 0 0 255 255 83488616
161 1 136 0 21 32 192 0 0 0 255 255 83586913
122 1 88 0 65 32 192 0 0 0 0 0 83681151
113 1 68 0 235 32 192 0 0 0 255 255 83775354
145 0 8 0 129 32 191 0 1 0 0 0 83873658
131 0 41 0 246 31 191 0 2 0 0 0 83967827
3 1 120 0 217 31 192 0 2 0 0 0 84062121
67 1 93 0 175 31 192 0 1 0 0 0 84160466
117 1 70 0 161 31 191 0 0 0 1 0 84254644
152 1 145 0 95 31 191 0 1 0 2 0 84352958
216 1 187 0 80 31 192 0 1 0 3 0 84451257
20 2 200 0 205 31 192 0 0 0 3 0 84545492
40 2 194 0 90 32 192 0 0 0 2 0 84639669
177 1 156 0 154 32 192 0 0 0 2 0 84737962
165 1 132 0 178 32 192 0 0 0 2 0 84832219
34 1 102 0 165 32 193 0 1 0 1 0 84926474
155 0 125 0 80 32 193 0 2 0 1 0 85024728
92 0 153 0 209 31 193 0 4 0 1 0 85118947
192 0 252 0 172 31 192 0 5 0 1 0 85217236
254 0 24 1 119 31 191 0 3 0 1 0 85311459
213 0 4 1 16 32 190 0 1 0 0 0 85409762
247 0 226 0 138 32 189 0 1 0 0 0 85503966
129 1 202 0 102 32 189 0 1 0 0 0 85598202
209 1 196 0 250 31 188 0 1 0 0 0 85696516
215 1 140 0 176 31 187 0 1 0 0 0 85790707
223 1 127 0 243 31 187 0 1 0 0 0 85884938
13 2 205 0 200 32 188 0 0 0 1 0 85983270
112 1 3 1 61 32 188 0 1 0 2 0 86077489
87 1 6 1 7 32 188 0 3 0 2 0 86175763
62 1 210 0 228 31 187 0 5 0 2 0 86270034
221 1 176 0 249 31 188 0 7 0 2 0 86364213
69 2 230 0 159 31 187 0 6 0 3 0 86462502
52 2 9 1 135 31 187 0 5 0 3 0 86560804
29 2 170 0 237 31 186 0 3 0 1 0 86749354
251 1 166 0 65 32 185 0 3 0 1 0 86847850
36 2 162 0 112 32 183 0 3 0 1 0 86941830
52 2 196 0 174 32 182 0 3 0 1 0 87036010
150 1 216 0 9 32 180 0 4 0 1 0 87134292
178 1 219 0 237 31 178 0 6 0 1 0 87228472
227 1 227 0 176 31 177 0 7 0 1 0 87326858
55 2 178 0 131 31 176 0 8 0 0 0 87421059
142 2 161 0 148 31 174 0 7 0 0 0 87515444
126 2 180 0 12 32 174 0 5 0 0 0 87613600
99 2 197 0 39 32 173 0 4 0 0 0 87711870
46 2 215 0 195 31 174 0 3 0 0 0 87806045
66 2 203 0 183 31 175 0 4 0 1 0 87900301
47 2 253 0 156 32 176 0 3 0 1 0 87998665
211 1 243 0 1 33 178 0 3 0 0 0 88092821
91 1 172 0 115 33 178 0 5 0 0 0 88187420
164 1 151 0 246 31 179 0 7 0 1 0 88285380
200 1 172 0 192 31 179 0 8 0 1 0 88379709
80 2 213 0 128 31 179 0 8 0 1 0 88477919
187 2 214 0 154 31 179 0 7 0 1 0 88572083
75 2 197 0 199 31 179 0 5 0 1 0 88666380
250 1 152 0 209 31 178 0 4 0 2 0 88764634
236 1 110 0 7 32 178 0 4 0 1 0 88858883
232 1 121 0 244 31 179 0 3 0 1 0 88957143
222 1 159 0 42 32 179 0 3 0 1 0 89051371
143 1 173 0 55 32 180 0 4 0 1 0 89145588
60 2 178 0 35 32 181 0 5 0 2 0 89243903
26 2 161 0 212 31 181 0 4 0 1 0 89338121
250 1 185 0 40 32 182 0 5 0 1 0 89436454
197 1 173 0 249 31 184 0 5 0 1 0 89530642
123 1 118 0 209 31 186 0 5 0 1 0 89624859
157 1 126 0 225 31 189 0 6 0 2 0 89723136
168 1 162 0 228 31 192 0 5 0 1 0 89817357
161 1 107 0 28 32 196 0 4 0 1 0 89915672
125 1 68 0 60 32 200 0 4 0 0 0 90009925
130 1 76 0 53 32 206 0 4 0 0 0 90108228
175 1 96 0 39 32 212 0 5 0 0 0 90202478
229 1 93 0 32 32 219 0 5 0 0 0 90300733
14 2 82 0 28 32 227 0 6 0 0 0 90394939
22 2 114 0 77 32 236 0 5 0 1 0 90489091
3 2 116 0 61 32 245 0 5 0 1 0 90587413
29 2 115 0 25 32 253 0 5 0 0 0 90681616
7 2 75 0 203 31 3 1 5 0 0 0 90779960
35 2 28 0 193 31 8 1 4 0 0 0 90874180
11 2 244 255 236 31 13 1 3 0 0 0 90968486
255 1 208 255 206 31 18 1 3 0 1 0 91066731
18 2 195 255 219 31 22 1 3 0 1 0 91160959
27 2 202 255 231 31 27 1 3 0 1 0 91259235
40 2 241 255 220 31 33 1 3 0 1 0 91353473
8 2 1 0 242 31 39 1 2 0 1 0 91447755
44 2 213 255 252 31 44 1 3 0 1 0 91541899
46 2 210 255 2 32 50 1 2 0 1 0 91640192
6 2 218 255 247 31 55 1 1 0 1 0 91738451
234 1 246 255 242 31 201 254 1 0 1 0 91832693
50 2 242 255 3 32 206 254 1 0 1 0 91926903
99 2 202 255 221 31 212 254 1 0 1 0 92021156
22 2 213 255 227 31 217 254 0 0 1 0 92119466
219 1 46 255 236 31 223 254 0 0 1 0 92213681
143 1 86 0 16 32 229 254 255 255 0 0 92312033
125 1 62 0 31 32 234 254 0 0 0 0 92406266
146 1 42 0 16 32 238 254 0 0 0 0 92500501
184 1 4 0 241 31 242 254 255 255 0 0 92598747
193 1 212 255 42 32 251 254 254 255 0 0 92791421
161 1 216 255 1 32 255 254 253 255 0 0 92885478
103 1 174 255 33 32 3 255 252 255 255 255 92983749
49 1 157 255 37 32 7 255 253 255 255 255 93077988
63 1 149 255 250 31 15 255 253 255 255 255 93270525
93 1 166 255 245 31 17 255 254 255 255 255 93364722
119 1 123 255 34 32 19 255 254 255 255 255 93463012
96 1 98 255 25 32 21 255 254 255 254 255 93557289
27 1 113 255 18 32 22 255 255 255 254 255 93655605
28 1 181 255 212 31 22 255 0 0 255 255 93749772
103 1 235 255 215 31 23 255 0 0 255 255 93848048
145 1 58 0 209 31 24 255 0 0 255 255 93942300
231 1 110 0 24 32 24 255 0 0 254 255 94036498
208 1 130 0 1 32 24 255 255 255 255 255 94134847
255 1 187 0 253 31 24 255 254 255 0 0 94229287
206 1 217 0 210 31 24 255 252 255 0 0 94323277
114 1 221 0 2 32 24 255 252 255 0 0 94421600
37 1 216 0 169 32 24 255 250 255 0 0 94515786
200 0 111 0 103 32 24 255 252 255 0 0 94614142
132 0 58 0 22 32 24 255 253 255 0 0 94708339
32 0 69 0 241 31 25 255 252 255 1 0 94806614
4 0 34 0 46 32 25 255 253 255 2 0 94900846
242 255 32 0 243 31 25 255 252 255 2 0 94999094
240 255 32 0 212 31 26 255 251 255 3 0 95093367
54 0 72 0 201 31 26 255 251 255 3 0 95187618
5 0 75 0 196 31 25 255 251 255 2 0 95281797
247 255 163 0 112 32 24 255 251 255 2 0 95380092
84 255 217 0 122 32 23 255 251 255 2 0 95474322
237 254 217 0 228 31 22 255 253 255 2 0 95572650
97 255 1 1 20 32 21 255 254 255 1 0 95666891
221 255 37 1 17 32 22 255 254 255 1 0 95765119
52 0 71 1 135 31 21 255 255 255 1 0 95859308
166 0 92 1 87 31 21 255 254 255 1 0 95953676
228 0 108 1 142 31 21 255 253 255 1 0 96051911
178 0 119 1 216 31 21 255 253 255 1 0 96146049
114 0 38 1 89 32 21 255 252 255 2 0 96244470
38 0 43 1 55 33 21 255 252 255 1 0 96338603
134 255 181 0 227 32 22 255 254 255 0 0 96436901
205 255 115 0 28 32 22 255 0 0 1 0 96531132
173 0 175 0 170 31 22 255 1 0 1 0 96629461
237 0 197 0 98 31 21 255 1 0 1 0 96723680
229 0 196 0 118 31 21 255 0 0 1 0 96821957
47 1 195 0 129 31 21 255 0 0 2 0 96916231
137 1 20 1 155 31 19 255 0 0 3 0 97104658
92 1 39 1 246 31 19 255 255 255 2 0 97202913
76 1 247 0 174 32 18 255 254 255 3 0 97297156
159 0 12 1 90 32 18 255 255 255 3 0 97395478
54 0 47 1 108 32 18 255 255 255 3 0 97489662
247 255 49 1 3 32 17 255 0 0 2 0 97583948
147 0 70 1 163 31 17 255 1 0 3 0 97682175
139 0 32 1 168 31 17 255 0 0 2 0 97780486
192 0 39 1 240 31 17 255 255 255 2 0 97874706
215 0 79 1 41 32 16 255 254 255 1 0 97968940
187 0 43 1 26 32 16 255 253 255 1 0 98063114
183 0 32 1 50 32 16 255 253 255 0 0 98161442
243 0 78 1 149 32 17 255 254 255 0 0 98259752
90 0 184 0 61 32 17 255 254 255 0 0 98353995
0 0 9 0 35 32 16 255 255 255 0 0 98448241
17 0 230 255 25 32 16 255 0 0 1 0 98542436
105 0 22 0 192 31 17 255 1 0 1 0 98640761
221 0 74 0 86 31 18 255 0 0 2 0 98734945
35 1 112 0 88 31 18 255 0 0 2 0 98833246
17 1 98 0 157 31 19 255 0 0 1 0 98927491
233 0 100 0 180 31 19 255 0 0 2 0 99025769
153 0 153 0 88 32 19 255 255 255 2 0 99218269
136 0 120 0 237 32 18 255 254 255 1 0 99312503
101 0 110 0 96 32 17 255 0 0 1 0 99406729
120 0 122 0 180 31 17 255 1 0 1 0 99505030
222 0 163 0 124 31 17 255 2 0 0 0 99599256
247 0 147 0 179 31 17 255 0 0 0 0 99697520
172 0 94 0 255 31 17 255 0 0 0 0 99791786
199 0 107 0 242 31 18 255 0 0 0 0 99886013
12 1 125 0 5 32 19 255 255 255 0 0 99984321
173 0 94 0 46 32 20 255 255 255 0 0 100078503
142 0 144 0 88 32 21 255 0 0 255 255 100176795
167 0 131 0 114 32 23 255 2 0 255 255 100271050
6 1 40 0 36 32 24 255 3 0 0 0 100369330
156 1 253 255 21 32 24 255 3 0 0 0 100463532
103 1 35 0 128 31 23 255 3 0 0 0 100561849
144 1 63 0 86 31 22 255 2 0 1 0 100656108
144 1 95 0 112 31 21 255 1 0 1 0 100750331
101 1 81 0 161 31 19 255 1 0 1 0 100848599
131 1 140 0 239 31 17 255 2 0 1 0 100942813
85 1 136 0 89 32 15 255 2 0 0 0 101037087
8 1 145 0 109 32 14 255 2 0 0 0 101131235
192 0 127 0 67 32 12 255 4 0 0 0 101229535
191 0 104 0 253 31 11 255 5 0 0 0 101327841
86 1 168 0 225 31 10 255 5 0 0 0 101422121
191 1 235 0 12 32 9 255 4 0 255 0 101516345
107 1 156 0 228 31 8 255 3 0 254 255 101614581
123 1 117 0 164 31 8 255 3 0 255 255 101708852
90 1 62 0 12 32 8 255 1 0 255 255 101807167
69 1 61 0 155 32 8 255 1 0 255 255 101901339
255 0 50 0 155 32 8 255 2 0 255 255 101995545
212 0 230 255 223 31 7 255 3 0 0 0 102093836
3 1 173 255 142 31 7 255 4 0 0 0 102188080
131 1 223 255 138 31 7 255 4 0 1 0 102286433
161 1 229 255 191 31 7 255 3 0 0 0 102380628
75 1 216 255 187 31 6 255 2 0 0 0 102474805
89 1 212 255 221 31 5 255 1 0 0 0 102573133
43 1 212 255 248 31 4 255 1 0 0 0 102667371
69 1 16 0 32 32 2 255 1 0 0 0 102765633
115 1 52 0 28 33 0 255 1 0 0 0 102859846
235 0 19 0 193 32 255 254 3 0 0 0 102958181
229 0 110 0 179 31 252 254 6 0 0 0 103052519
89 1 191 0 55 31 250 254 7 0 0 0 103146681
235 1 225 0 165 31 248 254 7 0 0 0 103244997
251 1 155 0 244 31 245 254 6 0 255 255 103339141
246 1 122 0 238 31 243 254 6 0 255 255 103437418
225 1 142 0 170 31 241 254 4 0 255 255 103531653
162 1 117 0 178 31 238 254 3 0 255 255 103625883
55 1 78 0 80 32 236 254 3 0 255 255 103724193
4 1 244 255 184 32 235 254 4 0 254 255 103818445
208 0 163 255 44 32 232 254 5 0 0 0 103916695
246 0 213 255 198 31 230 254 6 0 0 0 104010922
60 1 10 0 184 31 227 254 6 0 0 0 104105120
108 1 92 0 211 31 224 254 6 0 0 0 104203454
135 1 104 0 240 31 219 254 6 0 0 0 104297703
117 1 176 0 194 31 214 254 5 0 0 0 104395936
136 1 191 0 181 31 209 254 4 0 1 0 104490183
161 1 167 0 236 31 203 254 4 0 1 0 104588492
156 1 197 0 74 32 54 1 4 0 0 0 104682712
197 1 233 0 202 32 46 1 5 0 0 0 104776921
180 1 13 1 179 32 39 1 6 0 0 0 104875213
174 1 20 1 70 32 31 1 7 0 255 255 104969531
173 1 191 0 190 31 24 1 7 0 253 255 105063686
205 1 131 0 157 31 17 1 8 0 252 255 105161957
39 2 151 0 146 31 11 1 8 0 251 255 105256171
112 2 166 0 138 31 5 1 8 0 251 255 105354521
200 2 214 0 191 31 255 0 7 0 250 255 105448784
174 2 0 1 48 32 249 0 5 0 250 255 105547043
116 2 63 1 16 32 242 0 5 0 251 255 105641219
169 2 54 1 223 31 237 0 5 0 252 255 105735479
138 2 237 0 22 32 232 0 4 0 252 255 105833754
104 2 32 1 80 32 227 0 4 0 253 255 105927927
110 2 51 1 89 32 224 0 4 0 253 255 106022175
64 2 43 1 214 31 219 0 6 0 254 255 106120509
93 2 244 0 183 31 216 0 6 0 254 255 106214702
21 2 187 0 130 31 213 0 6 0 255 255 106313010
109 2 202 0 230 31 210 0 7 0 255 255 106407242
65 2 201 0 56 32 206 0 5 0 254 255 106501479
64 2 196 0 211 31 203 0 5 0 254 255 106599808
222 2 223 0 171 31 201 0 4 0 254 255 106698029
167 2 204 0 160 31 200 0 3 0 254 255 106792282
51 2 4 1 177 31 198 0 2 0 254 255 106886541
17 2 215 0 196 32 198 0 2 0 254 255 106984857
208 1 203 0 35 33 197 0 3 0 255 255 107079059
164 1 163 0 110 32 196 0 5 0 0 255 107173246
187 1 12 1 196 31 196 0 6 0 0 0 107271556
28 2 94 1 94 31 197 0 6 0 0 0 107365792
21 2 254 0 141 31 197 0 5 0 255 255 107464096
172 1 247 0 174 31 197 0 4 0 255 255 107558299
168 1 47 1 200 31 197 0 3 0 0 0 107656563
169 1 45 1 199 31 198 0 3 0 0 0 107750792
189 1 31 1 216 31 200 0 2 0 0 0 107845040
194 1 230 0 39 32 201 0 2 0 0 0 107943348
164 1 181 0 118 32 202 0 1 0 0 0 108037563
18 1 127 0 0 32 204 0 2 0 0 0 108135856
205 0 102 0 25 32 206 0 2 0 2 0 108230052
138 0 209 0 36 32 208 0 3 0 3 0 108328475
191 0 4 1 14 32 210 0 3 0 2 0 108422639
201 0 206 0 45 32 211 0 2 0 1 0 108516829
245 0 151 0 62 32 211 0 2 0 0 0 108615121
69 1 145 0 238 31 210 0 2 0 0 0 108709375
75 1 154 0 205 31 210 0 2 0 0 0 108803606
129 1 137 0 196 31 210 0 2 0 0 0 108901859
209 1 129 0 233 31 209 0 2 0 0 0 108996081
174 1 141 0 23 32 208 0 1 0 0 0 109090270
124 1 83 0 14 32 206 0 2 0 0 0 109188576
130 1 115 0 175 31 205 0 3 0 0 0 109286909
200 1 197 0 106 31 203 0 3 0 0 0 109381157
202 1 229 0 186 31 200 0 3 0 0 0 109475364
56 1 49 1 227 31 197 0 2 0 255 255 109573618
116 0 140 1 16 32 194 0 1 0 253 255 109667880
83 0 134 1 1 32 190 0 3 0 252 255 109766215
196 0 78 1 243 31 186 0 3 0 252 255 109860464
59 1 250 0 31 32 184 0 2 0 253 255 109954588
34 1 222 0 175 32 184 0 1 0 254 255 110052895
51 1 133 0 197 32 184 0 2 0 255 255 110147146
40 1 90 0 251 31 185 0 3 0 255 255 110245477
108 1 116 0 219 30 185 0 4 0 255 255 110339687
133 1 64 0 115 30 185 0 3 0 0 0 110437962
87 1 128 0 121 30 184 0 2 0 0 0 110532170
251 0 130 0 33 31 184 0 1 0 255 255 110626474
23 0 117 255 11 32 182 0 0 0 253 255 110917215
210 255 124 255 126 31 178 0 3 0 255 255 111105626
197 255 198 255 232 31 179 0 4 0 254 255 111203943
10 0 229 255 162 32 178 0 4 0 253 255 111298161
15 0 49 0 200 32 177 0 3 0 255 255 111392486
154 0 219 0 175 32 177 0 3 0 254 255 111490711
253 0 189 0 155 32 177 0 1 0 252 255 111584924
102 1 142 0 65 32 177 0 0 0 251 255 111683232
195 1 28 0 64 32 176 0 255 255 251 255 111777449
197 1 215 255 255 31 177 0 255 255 252 255 111875732
23 2 229 255 65 31 178 0 255 255 252 255 111969960
18 2 249 255 40 31 178 0 253 255 253 255 112068259
86 1 14 0 55 31 178 0 251 255 252 255 112162526
95 0 250 255 113 31 178 0 249 255 252 255 112256650
218 255 174 255 4 32 178 0 249 255 252 255 112355013
163 255 122 255 61 32 178 0 248 255 253 255 112449232
206 255 145 255 159 31 179 0 250 255 253 255 112547557
223 255 183 255 55 31 179 0 252 255 254 255 112641796
83 255 11 0 141 31 179 0 247 255 254 255 112740128
160 254 21 0 1 32 180 0 246 255 253 255 112830267
115 254 253 255 125 32 180 0 245 255 253 255 112928552
152 254 18 0 81 32 181 0 246 255 253 255 113022762
179 254 190 255 24 32 181 0 247 255 253 255 113121025
239 254 108 255 253 31 182 0 249 255 255 255 113215238
231 254 151 255 194 31 183 0 250 255 255 255 113313565
238 254 206 255 227 31 185 0 249 255 255 255 113407760
136 254 225 255 46 32 187 0 247 255 253 255 113501992
214 253 203 255 33 32 187 0 245 255 252 255 113600278
113 253 5 0 54 32 187 0 246 255 253 255 113698574
132 253 237 255 53 32 187 0 247 255 253 255 113792779
152 253 244 255 214 31 188 0 247 255 252 255 113887036
182 253 206 255 200 31 188 0 246 255 251 255 113985355
71 253 96 255 169 31 188 0 243 255 249 255 114079522
24 253 8 255 235 31 189 0 244 255 248 255 114177847
59 253 245 254 190 31 189 0 248 255 248 255 114272078
155 253 183 254 18 31 189 0 251 255 248 255 114366296
249 253 69 254 177 32 189 0 244 255 247 255 114558808
240 252 150 254 234 33 189 0 241 255 250 255 114657115
39 253 94 254 133 32 189 0 243 255 250 255 114751334
174 252 158 254 69 32 189 0 240 255 251 255 114845572
106 252 232 254 246 31 190 0 240 255 252 255 114943839
91 252 84 255 14 32 190 0 240 255 252 255 115038067
97 252 111 255 168 31 189 0 241 255 252 255 115132821
83 252 85 255 238 31 188 0 244 255 252 255 115230649
122 252 89 255 116 31 187 0 246 255 252 255 115324824
37 253 73 255 216 31 187 0 248 255 252 255 115419023
51 253 128 255 198 32 187 0 252 255 252 255 115517349
64 254 190 255 61 31 187 0 253 255 253 255 115611575
164 254 156 255 46 31 187 0 253 255 253 255 115709887
201 254 121 255 191 31 187 0 253 255 253 255 115804132
4 255 169 255 185 31 187 0 253 255 253 255 115902495
36 255 151 255 230 31 187 0 253 255 253 255 115996678
57 255 148 255 235 31 187 0 253 255 253 255 116094946
64 255 148 255 245 31 187 0 253 255 253 255 116189112
81 255 150 255 239 31 187 0 253 255 253 255 116283324
91 255 152 255 253 31 187 0 253 255 253 255 116381648
131 255 139 255 20 32 187 0 253 255 252 255 116475827
162 255 37 255 177 31 191 0 253 255 253 255 116574207
92 255 72 255 234 31 191 0 253 255 253 255 116762636
26 255 237 255 242 31 189 0 253 255 253 255 116860881
37 255 187 255 251 30 185 0 253 255 253 255 116955130
245 254 189 255 37 31 182 0 250 255 251 255 117053468
111 254 1 0 163 31 180 0 249 255 253 255 117147667
57 254 83 0 23 31 178 0 247 255 0 0 117245955
4 254 14 0 58 31 176 0 245 255 255 255 117340193
154 253 27 0 48 31 175 0 244 255 253 255 117438458
34 253 235 255 188 31 174 0 244 255 250 255 117532664
226 252 245 255 217 31 173 0 244 255 248 255 117626951
196 252 224 255 82 32 170 0 244 255 247 255 117725266
249 252 208 255 69 32 167 0 246 255 248 255 117819486
89 253 155 255 128 32 164 0 248 255 249 255 117913707
121 253 80 255 23 31 162 0 247 255 248 255 118011995
184 253 198 254 35 31 161 0 246 255 250 255 118106183
232 253 114 254 64 31 160 0 244 255 251 255 118200489
165 253 62 254 199 31 160 0 244 255 250 255 118298650
145 253 19 254 118 31 159 0 243 255 251 255 118392906
45 253 219 253 138 31 159 0 242 255 249 255 118491192
228 252 115 253 149 31 159 0 240 255 249 255 118585465
11 252 235 252 20 32 159 0 236 255 248 255 118683747
150 251 184 252 80 31 158 0 239 255 245 255 118778009
13 251 188 252 172 31 158 0 239 255 245 255 118872180
155 252 162 252 112 30 158 0 242 255 246 255 118970486
133 252 170 252 28 32 156 0 252 255 240 255 119068795
141 253 110 252 9 32 156 0 253 255 243 255 119162996
6 254 214 252 253 31 156 0 253 255 250 255 119257232
53 254 235 253 32 32 157 0 252 255 254 255 119351506
118 254 153 254 19 32 157 0 252 255 254 255 119449758
156 254 18 255 255 31 157 0 252 255 255 255 119543966
186 254 102 255 253 31 157 0 252 255 255 255 119638200
203 254 151 255 243 31 157 0 252 255 255 255 119736518
223 254 179 255 251 31 157 0 252 255 255 255 119830698
228 254 198 255 242 31 157 0 252 255 255 255 119929082
226 254 215 255 245 31 157 0 252 255 255 255 120023273
230 254 222 255 236 31 157 0 252 255 255 255 120121549
233 254 233 255 248 31 157 0 252 255 255 255 120215903
227 254 229 255 241 31 157 0 252 255 255 255 120310069
237 254 243 255 224 31 157 0 252 255 255 255 120408416
234 254 249 255 236 31 157 0 252 255 255 255 120502591
232 254 249 255 221 31 157 0 252 255 255 255 120600814
198 254 6 0 122 32 157 0 252 255 0 0 120694999
229 254 3 0 69 32 157 0 252 255 0 0 120794395
224 254 253 255 64 32 157 0 252 255 0 0 120887609
226 254 6 0 37 32 157 0 252 255 0 0 120981789
223 254 22 0 1 32 157 0 252 255 0 0 121080102
229 254 20 0 255 31 157 0 252 255 0 0 121174322
234 254 17 0 254 31 157 0 252 255 0 0 121272650
228 254 19 0 1 32 157 0 252 255 0 0 121366792
222 254 28 0 0 32 157 0 252 255 0 0 121461148
213 254 32 0 1 32 157 0 252 255 0 0 121559305
219 254 21 0 254 31 157 0 252 255 0 0 121653617
224 254 24 0 247 31 157 0 252 255 0 0 121846078
220 254 28 0 233 31 157 0 252 255 0 0 121944409
221 254 27 0 248 31 157 0 252 255 0 0 122038634
227 254 16 0 245 31 157 0 252 255 0 0 122132945
226 254 18 0 245 31 157 0 252 255 0 0 122231088
226 254 12 0 248 31 157 0 252 255 0 0 122325351
226 254 26 0 229 31 157 0 252 255 0 0 122423895
229 254 25 0 239 31 157 0 252 255 0 0 122517899
233 254 19 0 248 31 157 0 252 255 0 0 122616226
220 254 32 0 226 31 157 0 252 255 0 0 122710415
236 254 29 0 248 31 157 0 252 255 0 0 122804661
225 254 20 0 242 31 157 0 252 255 0 0 122898795
222 254 14 0 236 31 157 0 252 255 0 0 122997167
228 254 23 0 241 31 157 0 252 255 0 0 123091403
228 254 21 0 246 31 157 0 252 255 0 0 123189706
237 254 28 0 235 31 157 0 252 255 0 0 123288020
231 254 32 0 234 31 157 0 252 255 0 0 123382274
232 254 32 0 240 31 157 0 252 255 0 0 123476406
223 254 27 0 240 31 157 0 252 255 0 0 123668981
222 254 25 0 253 31 157 0 252 255 0 0 123763232
222 254 20 0 240 31 157 0 252 255 0 0 123861448
230 254 18 0 241 31 157 0 252 255 0 0 123955669
227 254 11 0 238 31 157 0 252 255 0 0 124053955
222 254 13 0 241 31 157 0 252 255 0 0 124148236
219 254 21 0 249 31 157 0 252 255 0 0 124246530
224 254 23 0 229 31 157 0 252 255 0 0 124340697
230 254 23 0 235 31 157 0 252 255 0 0 124434966
226 254 18 0 235 31 157 0 252 255 0 0 124529223
229 254 19 0 249 31 157 0 252 255 0 0 124627546
234 254 15 0 1 32 157 0 252 255 0 0 124721661
235 254 29 0 239 31 157 0 252 255 0 0 124819996
231 254 27 0 246 31 157 0 252 255 0 0 124914179
224 254 13 0 238 31 157 0 252 255 0 0 125012463
226 254 23 0 241 31 157 0 252 255 0 0 125106724
227 254 18 0 252 31 157 0 252 255 0 0 125205011
224 254 30 0 233 31 157 0 252 255 0 0 125299284
222 254 27 0 236 31 157 0 252 255 0 0 125393478
223 254 22 0 236 31 157 0 253 255 0 0 125491873
225 254 21 0 247 31 157 0 253 255 0 0 125585912
225 254 29 0 243 31 157 0 253 255 0 0 125684242
224 254 29 0 0 32 157 0 253 255 0 0 125778485
226 254 13 0 3 32 157 0 253 255 0 0 125876781
231 254 18 0 250 31 157 0 253 255 0 0 125971019
227 254 13 0 241 31 157 0 253 255 0 0 126065321
214 254 18 0 218 31 157 0 253 255 0 0 126159512
223 254 21 0 220 31 157 0 253 255 0 0 126257752
232 254 24 0 225 31 157 0 253 255 0 0 126356195
230 254 25 0 220 31 157 0 253 255 0 0 126450250
231 254 23 0 241 31 157 0 253 255 0 0 126544554
232 254 26 0 244 31 157 0 253 255 0 0 126638719
222 254 29 0 245 31 157 0 253 255 0 0 126737002
222 254 24 0 251 31 157 0 253 255 0 0 126831313
226 254 29 0 236 31 157 0 253 255 0 0 126929540
238 254 15 0 245 31 157 0 253 255 0 0 127023778
231 254 28 0 238 31 157 0 253 255 0 0 127122077
223 254 31 0 216 31 157 0 253 255 0 0 127216265
231 254 33 0 230 31 157 0 253 255 0 0 127314661
231 254 25 0 215 31 157 0 253 255 0 0 127408816
223 254 19 0 218 31 157 0 253 255 0 0 127502959
221 254 16 0 226 31 157 0 253 255 0 0 127601303
226 254 19 0 230 31 157 0 253 255 0 0 127695520
228 254 23 0 241 31 157 0 253 255 0 0 127793812
221 254 24 0 237 31 157 0 253 255 0 0 127888003
223 254 34 0 253 31 157 0 253 255 0 0 128080505
227 254 39 0 247 31 157 0 253 255 0 0 128174774
