211 255 174 2 246 246 192 255 4 0 246 255 1161192
223 255 236 2 110 250 192 255 4 0 246 255 1162524
192 255 8 2 189 252 192 255 3 0 246 255 1227369
166 255 240 2 6 254 192 255 3 0 246 255 1325734
161 255 223 2 203 254 191 255 4 0 246 255 1419920
186 255 232 2 81 255 191 255 4 0 246 255 1526133
196 255 236 2 154 255 191 255 4 0 246 255 1612422
191 255 227 2 195 255 191 255 4 0 247 255 1706681
210 255 212 2 0 0 191 255 4 0 247 255 1832769
203 255 202 2 24 0 191 255 4 0 247 255 1899179
197 255 187 2 29 0 191 255 4 0 247 255 1997481
186 255 170 2 32 0 191 255 4 0 247 255 2092117
201 255 153 2 42 0 190 255 4 0 247 255 2190015
218 255 150 2 42 0 190 255 4 0 248 255 2316686
228 255 151 2 27 0 189 255 4 0 248 255 2378442
227 255 160 2 33 0 189 255 4 0 248 255 2476744
227 255 149 2 57 0 188 255 3 0 248 255 2611470
229 255 131 2 76 0 187 255 3 0 248 255 2665205
204 255 97 2 106 0 185 255 3 0 248 255 2763507
209 255 69 2 55 0 182 255 3 0 249 255 2930823
233 255 72 2 250 255 179 255 3 0 249 255 2951923
26 0 91 2 254 255 177 255 3 0 249 255 3238305
55 0 92 2 37 0 173 255 3 0 249 255 3239175
25 0 133 2 29 0 170 255 3 0 249 255 3242678
37 0 214 2 51 0 167 255 2 0 248 255 3479164
59 0 14 3 57 0 163 255 2 0 248 255 3479884
166 0 41 3 61 0 159 255 2 0 248 255 3529449
229 0 30 3 54 0 156 255 0 0 248 255 3729391
227 0 198 2 75 0 154 255 0 0 249 255 3729940
90 0 128 2 175 0 151 255 1 0 250 255 3820324
85 0 36 2 22 0 148 255 2 0 251 255 3981832
152 0 54 2 169 255 146 255 1 0 251 255 4008717
190 0 123 2 243 255 143 255 1 0 250 255 4286772
255 0 25 2 61 0 139 255 0 0 250 255 4287462
167 0 238 1 219 255 135 255 0 0 251 255 4295460
181 0 242 1 152 255 128 255 0 0 251 255 4526397
29 1 22 2 236 255 123 255 0 0 251 255 4528156
86 1 12 2 93 0 119 255 0 0 251 255 4586315
27 1 6 2 132 0 114 255 0 0 251 255 4775399
61 1 2 2 38 0 110 255 0 0 252 255 4778859
83 1 248 1 7 0 106 255 255 255 253 255 4873051
93 1 213 1 248 255 103 255 254 255 254 255 4967266
109 1 211 1 31 0 99 255 254 255 255 255 5065600
74 1 8 2 240 255 93 255 254 255 0 0 5309969
32 1 36 2 30 0 90 255 254 255 255 255 5352320
51 1 254 1 10 0 87 255 254 255 0 0 5549926
90 1 210 1 205 255 84 255 254 255 0 0 5550325
111 1 211 1 218 255 82 255 254 255 255 255 5639056
90 1 248 1 39 0 79 255 254 255 255 255 5798056
86 1 8 2 45 0 76 255 255 255 254 255 5831592
114 1 14 2 8 0 72 255 255 255 254 255 6062048
214 1 23 2 199 255 69 255 254 255 254 255 6062730
39 2 21 2 214 255 66 255 253 255 254 255 6118325
68 2 3 2 214 255 63 255 253 255 253 255 6370053
59 2 28 2 17 0 62 255 252 255 253 255 6370527
20 2 77 2 32 0 60 255 252 255 253 255 6405071
215 1 104 2 94 0 58 255 252 255 252 255 6612398
162 1 88 2 113 0 56 255 252 255 252 255 6613028
96 1 48 2 93 0 53 255 253 255 253 255 6847018
58 1 28 2 42 0 51 255 254 255 253 255 6847396
22 1 16 2 23 0 47 255 254 255 253 255 6884339
56 1 255 1 36 0 44 255 254 255 253 255 7095297
106 1 223 1 242 255 41 255 254 255 253 255 7095710
134 1 184 1 207 255 39 255 253 255 253 255 7175168
145 1 136 1 0 0 37 255 253 255 254 255 7351370
207 1 110 1 40 0 34 255 252 255 254 255 7367675
234 1 62 1 45 0 32 255 251 255 254 255 7461903
229 1 3 1 9 0 30 255 251 255 255 255 7560181
246 1 247 0 17 0 27 255 252 255 255 255 7654362
247 1 45 1 15 0 24 255 252 255 255 255 7892492
42 2 58 1 18 0 20 255 251 255 255 255 7892952
54 2 42 1 34 0 17 255 251 255 255 255 7941251
48 2 241 0 47 0 14 255 251 255 255 255 8140210
1 2 160 0 78 0 11 255 252 255 255 255 8140745
190 1 143 0 149 0 7 255 252 255 0 0 8231960
106 1 161 0 141 0 5 255 252 255 0 0 8391674
41 1 203 0 21 0 1 255 253 255 0 0 8420364
40 1 255 0 210 255 255 254 253 255 0 0 8644072
36 1 48 1 209 255 252 254 254 255 255 255 8645323
55 1 59 1 232 255 249 254 254 255 255 255 8707195
39 1 53 1 46 0 247 254 254 255 254 255 8951081
24 1 50 1 6 0 245 254 255 255 254 255 8951545
49 1 70 1 234 255 243 254 255 255 254 255 8993923
91 1 117 1 182 255 241 254 255 255 253 255 9190050
102 1 144 1 247 255 240 254 254 255 253 255 9190586
72 1 102 1 18 0 239 254 255 255 252 255 9439770
56 1 111 1 17 0 238 254 0 0 252 255 9441758
68 1 162 1 2 0 237 254 0 0 251 255 9473272
145 1 71 1 76 0 236 254 255 255 251 255 9689993
152 1 10 1 27 0 236 254 255 255 252 255 9764018
200 1 38 1 8 0 238 254 255 255 252 255 9933096
191 1 71 1 55 0 239 254 255 255 252 255 9952367
131 1 54 1 90 0 241 254 255 255 253 255 10240391
44 1 62 1 149 0 243 254 0 0 253 255 10241187
250 0 84 1 98 0 244 254 0 0 253 255 10243255
228 0 17 1 253 255 245 254 0 0 254 255 10480348
247 0 250 0 201 255 246 254 0 0 255 255 10480700
40 1 211 0 192 255 246 254 0 0 255 255 10530003
41 1 106 0 228 255 246 254 255 255 0 0 10719382
18 1 37 0 22 0 246 254 255 255 0 0 10722514
30 1 244 255 33 0 245 254 255 255 0 0 10966493
36 1 28 0 238 255 245 254 255 255 0 0 10966910
79 1 53 0 4 0 245 254 255 255 0 0 11009227
94 1 88 0 14 0 244 254 255 255 0 0 11217714
120 1 100 0 15 0 243 254 255 255 0 0 11218236
86 1 135 0 0 0 240 254 255 255 0 0 11295959
43 1 123 0 6 0 237 254 0 0 0 0 11526516
29 1 147 0 30 0 234 254 0 0 0 0 11527099
245 0 6 1 241 255 229 254 0 0 0 0 11586848
239 0 68 1 82 0 224 254 255 255 255 255 11773696
112 0 47 1 92 0 219 254 0 0 255 255 11775232
50 0 20 1 95 0 214 254 0 0 255 255 12013969
113 0 58 1 235 255 208 254 0 0 0 0 12014590
169 0 121 1 180 255 203 254 0 0 255 255 12062005
142 0 127 1 248 255 57 1 0 0 255 255 12263322
134 0 77 1 48 0 50 1 0 0 255 255 12263940
144 0 251 0 56 0 44 1 0 0 255 255 12352900
151 0 178 0 21 0 38 1 0 0 0 0 12570570
192 0 153 0 7 0 33 1 0 0 0 0 12571189
194 0 181 0 241 255 27 1 0 0 0 0 12804393
173 0 204 0 0 0 22 1 0 0 0 0 12805001
132 0 222 0 38 0 18 1 0 0 0 0 12832097
119 0 217 0 36 0 13 1 0 0 0 0 13054030
144 0 189 0 5 0 8 1 0 0 1 0 13054602
184 0 180 0 254 255 255 0 1 0 1 0 13303684
19 1 155 0 12 0 250 0 0 0 1 0 13311357
248 0 167 0 250 255 246 0 0 0 1 0 13405584
233 0 165 0 31 0 241 0 0 0 1 0 13610181
12 1 181 0 13 0 236 0 0 0 1 0 13610796
74 1 242 0 5 0 232 0 0 0 1 0 13849755
105 1 28 1 9 0 228 0 0 0 0 0 13850327
94 1 27 1 248 255 225 0 0 0 0 0 13888920
116 1 249 0 15 0 221 0 0 0 0 0 14090476
161 1 187 0 83 0 218 0 0 0 1 0 14091095
115 1 194 0 93 0 215 0 0 0 1 0 14171680
33 1 223 0 101 0 213 0 0 0 1 0 14337437
168 0 252 0 80 0 211 0 0 0 0 0 14364056
82 0 238 0 12 0 208 0 0 0 0 0 14640120
131 0 228 0 223 255 206 0 1 0 0 0 14640496
105 0 236 0 217 255 204 0 1 0 0 0 14654926
45 0 183 0 237 255 202 0 1 0 0 0 14879435
253 255 153 0 221 255 200 0 2 0 0 0 14880242
255 255 216 0 245 255 197 0 3 0 0 0 14941655
64 0 25 1 229 255 195 0 3 0 0 0 15128226
158 0 252 0 0 0 194 0 2 0 255 255 15134199
206 0 219 0 242 255 192 0 2 0 255 255 15376576
224 0 216 0 16 0 190 0 2 0 254 255 15377123
4 1 228 0 31 0 188 0 2 0 254 255 15420965
53 1 208 0 5 0 187 0 2 0 253 255 15629656
59 1 225 0 57 0 185 0 2 0 253 255 15630326
22 1 43 1 79 0 183 0 2 0 252 255 15707703
44 1 28 1 138 0 182 0 2 0 252 255 15878871
53 1 181 0 62 0 180 0 1 0 253 255 15900173
61 1 108 0 254 255 179 0 1 0 253 255 16183210
42 1 140 0 4 0 177 0 0 0 253 255 16183778
226 0 218 0 196 255 175 0 0 0 253 255 16186918
162 0 58 1 173 255 174 0 1 0 252 255 16420895
102 0 148 1 56 0 172 0 2 0 251 255 16421589
67 0 173 1 63 0 171 0 3 0 250 255 16473710
100 0 185 1 252 255 170 0 3 0 250 255 16661698
209 0 202 1 119 0 169 0 2 0 250 255 16670252
16 1 158 1 97 0 169 0 1 0 250 255 16909570
69 1 151 1 42 0 168 0 1 0 251 255 16910055
41 1 168 1 124 0 168 0 1 0 251 255 16953014
214 0 129 1 68 0 169 0 3 0 251 255 17214067
228 0 92 1 11 0 169 0 2 0 252 255 17214899
203 0 229 0 201 255 170 0 2 0 252 255 17239688
208 0 188 0 136 255 170 0 1 0 252 255 17449615
211 0 157 0 164 255 171 0 0 0 252 255 17450124
5 1 151 0 187 255 171 0 0 0 252 255 17530528
251 0 185 0 247 255 171 0 255 255 251 255 17628816
224 0 184 0 12 0 171 0 255 255 251 255 17723030
249 0 148 0 241 255 170 0 255 255 251 255 17980383
236 0 191 0 13 0 170 0 255 255 251 255 17980938
87 0 19 1 107 0 169 0 255 255 250 255 18009767
45 0 4 1 110 0 168 0 0 0 249 255 18219275
2 0 250 0 43 0 168 0 0 0 250 255 18219684
169 255 3 1 210 255 167 0 1 0 250 255 18296550
170 255 39 1 15 0 167 0 1 0 250 255 18458792
171 255 88 1 243 255 168 0 1 0 249 255 18489034
153 255 110 1 46 0 168 0 2 0 249 255 18711941
226 255 133 1 57 0 169 0 2 0 249 255 18712451
6 0 126 1 59 0 170 0 2 0 250 255 18775798
39 0 89 1 45 0 172 0 3 0 250 255 19018171
64 0 21 1 49 0 174 0 3 0 251 255 19019221
20 0 203 0 35 0 175 0 3 0 253 255 19062523
49 0 126 0 112 0 176 0 3 0 254 255 19253264
67 0 112 0 69 0 177 0 4 0 254 255 19255065
58 0 78 0 40 0 179 0 3 0 255 255 19501703
64 0 42 0 203 255 180 0 3 0 255 255 19502120
93 0 44 0 186 255 182 0 3 0 254 255 19541773
144 0 209 255 23 0 184 0 3 0 254 255 19753369
168 0 105 255 238 255 187 0 2 0 255 255 19754064
208 0 69 255 211 255 189 0 1 0 255 255 19832582
6 1 96 255 232 255 192 0 1 0 255 255 20003920
8 1 126 255 23 0 196 0 0 0 254 255 20025189
47 1 106 255 18 0 199 0 0 0 253 255 20251805
65 1 113 255 189 255 202 0 0 0 253 255 20252215
31 1 253 255 160 255 206 0 1 0 252 255 20311824
33 1 82 0 31 0 210 0 1 0 251 255 20503902
179 0 78 0 134 0 214 0 1 0 251 255 20504341
63 0 72 0 128 0 217 0 1 0 251 255 20598613
230 255 89 0 50 0 220 0 2 0 251 255 20766165
210 255 124 0 234 255 224 0 2 0 251 255 20791175
207 255 172 0 10 0 228 0 2 0 250 255 21017642
19 0 205 0 65 0 232 0 2 0 250 255 21018518
72 0 196 0 59 0 236 0 2 0 250 255 21077839
109 0 165 0 54 0 240 0 2 0 250 255 21313978
92 0 139 0 46 0 245 0 1 0 251 255 21314460
46 0 119 0 79 0 250 0 1 0 251 255 21364568
44 0 138 0 66 0 255 0 2 0 251 255 21554724
48 0 82 0 113 0 4 1 1 0 252 255 21557164
46 0 234 255 47 0 10 1 1 0 252 255 21755479
74 0 213 255 2 0 16 1 1 0 253 255 21755863
56 0 220 255 14 0 22 1 1 0 252 255 21847981
145 0 214 255 223 255 35 1 0 0 252 255 22062677
214 0 178 255 222 255 41 1 0 0 252 255 22130618
251 0 140 255 211 255 47 1 0 0 252 255 22311030
254 0 186 255 231 255 52 1 255 255 252 255 22323153
239 0 200 255 14 0 57 1 255 255 252 255 22560418
222 0 164 255 0 0 203 254 255 255 253 255 22561125
14 1 150 255 217 255 207 254 255 255 253 255 22613969
72 1 151 255 12 0 211 254 254 255 253 255 22811416
132 1 152 255 248 255 214 254 254 255 253 255 22811843
177 1 133 255 1 0 218 254 254 255 254 255 22900711
250 1 118 255 25 0 221 254 253 255 253 255 23060872
177 1 174 255 58 0 224 254 252 255 253 255 23089192
89 1 254 255 84 0 226 254 253 255 253 255 23374361
104 1 243 255 100 0 228 254 254 255 253 255 23375565
62 1 252 255 253 255 229 254 253 255 253 255 23380052
32 1 251 255 216 255 229 254 253 255 253 255 23611961
11 1 12 0 182 255 229 254 253 255 254 255 23612426
240 0 63 0 18 0 229 254 253 255 254 255 23666673
78 1 73 0 35 0 229 254 253 255 254 255 23851161
85 1 100 0 68 0 230 254 252 255 254 255 23859227
65 1 113 0 78 0 231 254 252 255 254 255 24099651
83 1 135 0 36 0 232 254 252 255 254 255 24100365
99 1 154 0 61 0 234 254 252 255 253 255 24145973
112 1 47 0 50 0 235 254 252 255 254 255 24350808
99 1 176 255 98 0 238 254 252 255 255 255 24351416
68 1 111 255 80 0 239 254 251 255 0 0 24432712
199 0 77 255 16 0 242 254 252 255 0 0 24598352
216 0 69 255 248 255 245 254 252 255 0 0 24625242
207 0 66 255 184 255 249 254 252 255 0 0 24900178
200 0 139 255 203 255 253 254 251 255 0 0 24901876
203 0 205 255 20 0 0 255 252 255 255 255 24912058
178 0 219 255 66 0 4 255 252 255 255 255 25138598
155 0 221 255 40 0 7 255 252 255 255 255 25138971
120 0 236 255 19 0 10 255 253 255 255 255 25198687
157 0 195 255 17 0 12 255 254 255 0 0 25380195
29 0 102 255 228 255 15 255 253 255 0 0 25391276
99 1 45 255 249 255 17 255 253 255 1 0 25631576
156 1 26 255 250 255 20 255 252 255 1 0 25632115
170 1 35 255 44 0 24 255 252 255 1 0 25678033
176 1 55 255 28 0 28 255 252 255 1 0 25934005
219 1 83 255 238 255 32 255 252 255 0 0 25934642
32 2 127 255 210 255 36 255 252 255 0 0 25968817
45 2 134 255 10 0 40 255 251 255 0 0 26172746
235 1 151 255 106 0 45 255 251 255 0 0 26173293
138 1 222 255 90 0 49 255 252 255 0 0 26410473
99 1 57 0 12 0 53 255 252 255 254 255 26411048
109 1 65 0 232 255 57 255 252 255 254 255 26448120
38 1 32 0 216 255 61 255 252 255 254 255 26664976
223 0 62 0 202 255 65 255 252 255 254 255 26665622
247 0 149 0 3 0 69 255 252 255 253 255 26734879
249 0 223 0 140 0 73 255 252 255 252 255 26910499
11 1 4 1 44 0 77 255 252 255 252 255 26927326
40 1 16 1 23 0 81 255 253 255 252 255 27160697
101 1 243 0 5 0 86 255 253 255 252 255 27161236
139 1 196 0 56 0 90 255 252 255 253 255 27214123
91 1 92 0 208 0 94 255 252 255 254 255 27408992
45 1 239 255 116 0 98 255 252 255 0 0 27409488
70 1 169 255 25 0 102 255 252 255 0 0 27500862
94 1 118 255 215 255 107 255 252 255 0 0 27721077
134 1 106 255 163 255 111 255 251 255 0 0 27721792
138 1 124 255 177 255 115 255 250 255 0 0 27962417
187 1 155 255 222 255 118 255 250 255 0 0 27962973
233 1 139 255 26 255 120 255 250 255 0 0 27980137
9 2 102 255 19 0 122 255 250 255 0 0 28201487
66 2 121 255 232 255 124 255 250 255 0 0 28202186
86 2 164 255 6 0 125 255 250 255 0 0 28270868
57 2 161 255 97 0 125 255 250 255 0 0 28451771
217 1 170 255 131 0 125 255 251 255 0 0 28459341
201 1 250 255 35 0 124 255 252 255 0 0 28702473
209 1 21 0 15 0 124 255 252 255 0 0 28703462
112 1 26 0 255 255 124 255 252 255 0 0 28750407
55 1 24 0 207 255 123 255 252 255 0 0 28961641
9 1 101 0 212 255 122 255 252 255 0 0 28962104
25 1 168 0 240 255 122 255 251 255 255 255 29036888
49 1 211 0 19 0 122 255 251 255 255 255 29207921
69 1 182 0 33 0 121 255 251 255 255 255 29229432
84 1 168 0 0 0 122 255 252 255 255 255 29323600
116 1 164 0 24 0 121 255 252 255 255 255 29421988
148 1 138 0 36 0 121 255 252 255 255 255 29516156
121 1 96 0 26 0 121 255 252 255 255 255 29742249
110 1 93 0 32 0 120 255 252 255 255 255 29742638
22 1 129 0 59 0 119 255 253 255 255 255 29802908
246 0 113 0 45 0 118 255 254 255 255 255 30044447
1 1 54 0 197 255 117 255 254 255 255 255 30045090
192 0 52 0 146 255 115 255 254 255 0 0 30093773
102 0 63 0 204 255 114 255 254 255 255 255 30287097
106 0 51 0 24 0 112 255 254 255 255 255 30288226
171 0 225 255 36 0 111 255 254 255 0 0 30525099
209 0 164 255 20 0 109 255 253 255 0 0 30525762
139 0 144 255 12 0 106 255 254 255 0 0 30568910
200 0 96 255 22 0 104 255 254 255 1 0 30773763
206 0 77 255 215 255 101 255 255 255 1 0 30774217
207 0 121 255 172 255 98 255 255 255 1 0 30859754
30 1 219 255 7 0 95 255 255 255 0 0 31025461
210 0 94 0 41 0 92 255 254 255 0 0 31052256
144 0 149 0 61 0 88 255 254 255 255 255 31276223
121 0 160 0 9 0 84 255 254 255 255 255 31276783
68 0 218 0 22 0 80 255 254 255 254 255 31338975
45 0 234 0 25 0 76 255 255 255 254 255 31573101
229 255 31 1 9 0 70 255 255 255 254 255 31573627
176 255 17 1 62 0 65 255 0 0 254 255 31625752
170 255 5 1 6 0 61 255 0 0 255 255 31815167
239 255 35 1 19 0 56 255 1 0 255 255 31818277
56 0 51 1 233 255 52 255 1 0 255 255 32064258
122 0 38 1 248 255 49 255 1 0 255 255 32064613
145 0 228 0 30 0 46 255 1 0 255 255 32104979
99 0 180 0 104 0 43 255 1 0 0 0 32313746
56 0 126 0 87 0 41 255 1 0 0 0 32314229
30 0 86 0 62 0 39 255 2 0 0 0 32395806
51 0 52 0 29 0 36 255 2 0 1 0 32564033
73 0 34 0 206 255 34 255 2 0 1 0 32584305
51 0 18 0 149 255 32 255 2 0 2 0 32864231
53 0 195 255 225 255 30 255 1 0 2 0 32864802
238 255 175 255 241 255 29 255 1 0 3 0 32870964
46 0 158 255 252 255 26 255 1 0 3 0 33101450
107 0 168 255 253 255 24 255 1 0 2 0 33101980
120 0 166 255 31 0 22 255 1 0 2 0 33161768
173 0 182 255 47 0 19 255 1 0 2 0 33342483
161 0 194 255 27 0 16 255 1 0 2 0 33350321
120 0 248 255 36 0 12 255 1 0 2 0 33589977
74 0 94 0 124 0 7 255 2 0 1 0 33590630
226 255 139 0 70 0 2 255 3 0 0 0 33641208
182 255 167 0 86 0 254 254 4 0 0 0 33839881
226 255 180 0 20 0 249 254 4 0 0 0 33840332
221 255 213 0 249 255 244 254 3 0 255 255 33927883
232 255 225 0 253 255 239 254 3 0 255 255 34146614
211 255 21 1 244 255 234 254 3 0 255 255 34147407
224 255 70 1 214 255 229 254 2 0 254 255 34384261
28 0 101 1 0 0 224 254 2 0 254 255 34385705
11 0 134 1 52 0 219 254 1 0 253 255 34407194
233 255 138 1 39 0 215 254 1 0 253 255 34622400
61 0 159 1 23 0 210 254 1 0 253 255 34623221
103 0 151 1 68 0 206 254 0 0 254 255 34693934
106 0 207 1 31 0 57 1 1 0 254 255 34886405
135 0 185 1 64 0 53 1 1 0 254 255 35174228
146 0 127 1 11 0 50 1 1 0 255 255 35174853
110 0 80 1 43 0 47 1 2 0 255 255 35176010
144 0 26 1 52 0 44 1 2 0 255 255 35415430
81 0 236 0 12 0 41 1 2 0 0 0 35415884
87 0 152 0 205 255 36 1 1 0 0 0 35655401
105 0 113 0 185 255 34 1 1 0 0 0 35655915
73 0 78 0 220 255 32 1 1 0 0 0 35895200
123 0 69 0 222 255 31 1 0 0 0 0 35895822
140 0 108 0 252 255 30 1 0 0 0 0 35939154
165 0 197 0 45 0 29 1 0 0 0 0 36198348
181 0 13 1 29 0 29 1 0 0 255 255 36198995
136 0 59 1 244 255 28 1 1 0 254 255 36225922
120 0 99 1 11 0 27 1 1 0 254 255 36391127
104 0 87 1 76 0 25 1 3 0 254 255 36418340
68 0 33 1 162 0 25 1 3 0 254 255 36685464
65 0 224 0 26 0 24 1 3 0 254 255 36685880
68 0 221 0 209 255 23 1 3 0 254 255 36709267
93 0 29 1 183 255 23 1 2 0 253 255 36924993
30 0 64 1 216 255 22 1 1 0 252 255 36925554
145 255 62 1 21 0 21 1 2 0 252 255 37166660
140 255 130 1 226 255 20 1 3 0 252 255 37167155
208 255 8 2 41 0 19 1 2 0 250 255 37188467
26 0 11 2 68 0 19 1 2 0 250 255 37405364
136 0 180 1 15 0 19 1 1 0 251 255 37406507
231 0 145 1 216 255 19 1 1 0 251 255 37475254
53 1 182 1 40 0 20 1 0 0 251 255 37655162
58 1 111 1 86 0 22 1 0 0 251 255 37667690
6 1 38 1 136 0 24 1 0 0 252 255 37904114
198 0 2 1 134 0 26 1 0 0 252 255 37904544
80 0 194 0 76 0 29 1 1 0 253 255 37954498
63 0 194 0 0 0 33 1 1 0 253 255 38162009
122 0 187 0 247 255 36 1 1 0 253 255 38163227
114 0 134 0 244 255 40 1 0 0 254 255 38241220
134 0 56 0 228 255 43 1 0 0 254 255 38459289
152 0 14 0 201 255 47 1 0 0 254 255 38460338
242 0 15 0 223 255 50 1 255 255 254 255 38700227
230 0 10 0 239 255 54 1 254 255 254 255 38700813
248 0 245 255 238 255 57 1 254 255 254 255 38720464
228 0 1 0 16 0 201 254 254 255 254 255 38935417
208 0 38 0 13 0 203 254 254 255 253 255 38937222
176 0 55 0 44 0 206 254 255 255 253 255 39007276
84 0 119 0 76 0 208 254 255 255 253 255 39177489
142 0 184 0 32 0 210 254 0 0 252 255 39199739
117 0 196 0 207 255 211 254 0 0 252 255 39423694
81 0 163 0 10 0 213 254 0 0 253 255 39424132
45 0 130 0 61 0 215 254 255 255 253 255 39486509
225 255 83 0 215 255 217 254 255 255 253 255 39675706
218 255 99 0 160 255 219 254 255 255 254 255 39678982
39 0 56 0 18 0 221 254 255 255 254 255 39777308
96 0 40 0 243 255 224 254 254 255 254 255 39871504
87 0 88 0 237 255 226 254 253 255 253 255 39969863
170 0 129 0 206 255 228 254 252 255 253 255 40218592
238 0 172 0 238 255 231 254 251 255 253 255 40219037
230 0 218 0 234 255 232 254 251 255 252 255 40256577
248 0 5 1 75 0 234 254 251 255 252 255 40457475
211 0 234 0 134 0 237 254 251 255 251 255 40458082
168 0 158 0 50 0 239 254 250 255 252 255 40649256
131 0 109 0 24 0 242 254 251 255 253 255 40650831
115 0 102 0 30 0 244 254 251 255 253 255 40735860
105 0 86 0 251 255 246 254 252 255 253 255 40963915
128 0 91 0 251 255 249 254 251 255 253 255 40964598
119 0 53 0 241 255 251 254 251 255 253 255 41022572
97 0 37 0 224 255 252 254 251 255 254 255 41216890
88 0 30 0 26 0 254 254 251 255 254 255 41217263
52 0 13 0 249 255 0 255 252 255 254 255 41467053
96 0 9 0 228 255 1 255 252 255 255 255 41467537
119 0 14 0 175 255 3 255 252 255 0 0 41501813
142 0 53 0 158 255 5 255 252 255 255 255 41717770
152 0 67 0 209 255 8 255 251 255 255 255 41718203
130 0 55 0 238 255 10 255 251 255 255 255 41788628
150 0 53 0 233 255 12 255 252 255 255 255 41965565
206 0 80 0 195 255 13 255 251 255 255 255 41981129
235 0 92 0 235 255 15 255 251 255 254 255 42278366
236 0 79 0 29 0 16 255 250 255 254 255 42278884
243 0 14 0 12 0 17 255 250 255 255 255 42279299
41 1 241 255 236 255 19 255 250 255 255 255 42515021
88 1 240 255 7 0 20 255 249 255 255 255 42515921
96 1 209 255 3 0 21 255 250 255 0 0 42558692
57 1 205 255 30 0 22 255 249 255 0 0 42753585
15 1 7 0 24 0 24 255 250 255 255 255 42754553
233 0 17 0 75 0 25 255 250 255 255 255 42991564
136 0 8 0 60 0 27 255 251 255 255 255 42992038
106 0 12 0 244 255 29 255 251 255 0 0 43037936
74 0 16 0 152 255 30 255 251 255 0 0 43295690
111 0 244 255 229 255 32 255 251 255 0 0 43296040
115 0 204 255 3 0 33 255 251 255 0 0 43324681
101 0 4 0 91 0 35 255 250 255 0 0 43536691
168 0 26 0 118 0 37 255 250 255 255 255 43537596
181 0 14 0 74 0 39 255 249 255 255 255 43779223
195 0 15 0 253 255 41 255 249 255 255 255 43780975
173 0 100 0 249 255 44 255 250 255 255 255 43803937
169 0 77 0 251 255 46 255 250 255 255 255 44017301
134 0 53 0 6 0 49 255 250 255 255 255 44017922
134 0 30 0 189 255 51 255 250 255 0 0 44090691
164 0 28 0 252 255 53 255 250 255 255 255 44269058
132 0 27 0 27 0 56 255 250 255 255 255 44283176
162 0 18 0 8 0 58 255 251 255 0 0 44518781
188 0 7 0 57 0 61 255 250 255 0 0 44519332
174 0 1 0 26 0 64 255 250 255 0 0 44570021
222 0 247 255 41 0 67 255 250 255 0 0 44772685
223 0 227 255 9 0 70 255 250 255 255 255 44773300
207 0 251 255 240 255 73 255 250 255 255 255 44860812
221 0 33 0 221 255 76 255 250 255 255 255 45020295
222 0 41 0 224 255 79 255 250 255 255 255 45049189
7 1 7 0 246 255 82 255 249 255 254 255 45319807
243 0 225 255 0 0 84 255 248 255 254 255 45320234
38 1 214 255 37 0 86 255 248 255 254 255 45339964
83 1 212 255 45 0 87 255 247 255 254 255 45559422
112 1 206 255 2 0 89 255 247 255 254 255 45559794
149 1 181 255 215 255 91 255 247 255 254 255 45626789
132 1 195 255 227 255 92 255 247 255 254 255 45817899
125 1 8 0 32 0 93 255 247 255 253 255 45819327
82 1 67 0 73 0 94 255 247 255 253 255 46056964
6 1 82 0 93 0 95 255 248 255 253 255 46057435
41 1 57 0 255 255 97 255 251 255 252 255 46308159
245 0 33 0 31 0 98 255 251 255 252 255 46308659
230 0 200 255 172 0 100 255 251 255 253 255 46392793
176 0 220 255 68 0 102 255 250 255 253 255 46605464
114 0 171 255 31 0 103 255 251 255 254 255 46844829
113 0 164 255 29 0 104 255 251 255 254 255 46845505
112 0 196 255 46 0 106 255 250 255 254 255 46872085
174 0 186 255 253 255 106 255 250 255 254 255 47085758
236 0 210 255 8 0 107 255 249 255 254 255 47086499
246 0 7 0 11 0 108 255 249 255 254 255 47162851
29 1 87 0 21 0 109 255 248 255 253 255 47336322
58 1 30 0 39 0 110 255 248 255 254 255 47351301
101 1 7 0 0 0 110 255 248 255 254 255 47583408
155 1 41 0 240 255 111 255 247 255 254 255 47583832
100 1 85 0 44 0 112 255 247 255 254 255 47638056
43 1 37 0 74 0 112 255 247 255 254 255 47827979
254 1 204 255 66 0 112 255 248 255 255 255 47830573
247 0 206 255 236 255 114 255 249 255 255 255 47924794
209 0 247 255 6 0 115 255 249 255 255 255 48079498
223 0 17 0 18 0 116 255 249 255 255 255 48117336
238 0 15 0 32 0 118 255 249 255 255 255 48385113
208 0 8 0 240 255 119 255 249 255 255 255 48385616
231 0 223 255 52 0 120 255 248 255 0 0 48408198
209 0 132 255 231 255 121 255 248 255 0 0 48626263
235 0 132 255 186 255 122 255 248 255 0 0 48627007
54 1 126 255 230 255 123 255 248 255 0 0 48865255
71 1 108 255 224 255 124 255 247 255 0 0 48865820
64 1 134 255 142 255 125 255 247 255 0 0 48887339
108 1 146 255 178 255 125 255 246 255 0 0 49105804
131 1 171 255 6 0 126 255 245 255 0 0 49106367
130 1 152 255 28 0 126 255 245 255 0 0 49174193
99 1 176 255 2 0 127 255 245 255 0 0 49408829
170 1 217 255 81 0 127 255 246 255 0 0 49409205
219 1 198 255 239 255 128 255 244 255 0 0 49649766
103 1 236 255 39 0 128 255 244 255 255 255 49650459
35 1 204 255 179 0 129 255 244 255 255 255 49653356
211 0 161 255 107 0 130 255 244 255 255 255 49890168
187 0 216 255 30 0 130 255 245 255 255 255 49890893
217 0 14 0 232 0 130 255 245 255 255 255 49940197
174 0 32 0 18 0 130 255 245 255 255 255 50128805
68 0 248 255 59 0 130 255 246 255 0 0 50132656
6 0 181 255 31 0 129 255 247 255 0 0 50380171
2 0 134 255 34 0 129 255 248 255 0 0 50380816
28 0 125 255 186 255 129 255 248 255 1 0 50419425
109 0 152 255 212 255 129 255 249 255 0 0 50631163
181 0 137 255 15 0 129 255 248 255 0 0 50631786
149 0 146 255 243 255 129 255 249 255 0 0 50706296
193 0 213 255 247 255 130 255 249 255 0 0 50930589
222 0 246 255 12 0 130 255 249 255 0 0 50931395
203 0 245 255 83 0 131 255 250 255 0 0 51170007
159 0 233 255 129 0 131 255 250 255 1 0 51170802
133 0 250 255 27 0 131 255 250 255 1 0 51185419
75 0 253 255 215 255 131 255 251 255 1 0 51360779
157 0 252 255 196 255 131 255 251 255 1 0 51382024
151 0 13 0 226 255 132 255 251 255 2 0 51476193
148 0 14 0 212 255 132 255 251 255 1 0 51681686
127 0 22 0 232 255 133 255 252 255 1 0 51682858
112 0 11 0 245 255 133 255 251 255 1 0 51916773
90 0 248 255 0 0 134 255 252 255 1 0 51917651
50 0 230 255 0 0 134 255 252 255 1 0 51955563
24 0 227 255 228 255 134 255 252 255 1 0 52165211
45 0 199 255 237 255 135 255 252 255 1 0 52165802
243 255 163 255 6 0 136 255 252 255 1 0 52242259
5 0 156 255 242 255 136 255 253 255 1 0 52412168
35 0 142 255 238 255 135 255 253 255 1 0 52434728
103 0 119 255 39 0 135 255 252 255 1 0 52659977
101 0 94 255 40 0 135 255 252 255 1 0 52660565
191 0 64 255 19 0 134 255 252 255 2 0 52721561
205 0 110 255 38 0 133 255 252 255 1 0 52970853
219 0 117 255 27 0 132 255 252 255 2 0 52971335
236 0 118 255 62 0 131 255 252 255 2 0 53008286
251 0 149 255 33 0 130 255 252 255 2 0 53208430
186 0 205 255 248 255 128 255 252 255 1 0 53209026
181 0 241 255 13 0 126 255 252 255 0 0 53401107
123 0 0 0 59 0 124 255 252 255 0 0 53401655
117 0 235 255 20 0 121 255 252 255 0 0 53491572
92 0 220 255 235 255 118 255 252 255 0 0 53714851
53 0 209 255 208 255 115 255 252 255 0 0 53715725
17 0 8 0 193 255 112 255 252 255 0 0 53774240
8 0 102 0 226 255 109 255 253 255 0 0 53953893
203 255 168 0 4 0 106 255 253 255 0 0 53966784
174 255 208 0 252 255 103 255 253 255 255 255 54202270
203 255 207 0 243 255 100 255 253 255 255 255 54202721
244 255 138 0 19 0 97 255 253 255 255 255 54257638
63 0 65 0 242 255 94 255 253 255 0 0 54457542
96 0 53 0 13 0 92 255 252 255 0 0 54458411
64 0 40 0 51 0 90 255 253 255 0 0 54544384
52 0 38 0 40 0 87 255 253 255 0 0 54701818
11 0 79 0 12 0 86 255 254 255 0 0 54732779
17 0 133 0 13 0 83 255 255 255 0 0 54999918
45 0 148 0 25 0 81 255 254 255 255 255 55000642
186 255 119 0 59 0 79 255 255 255 255 255 55023662
192 255 101 0 66 0 77 255 255 255 255 255 55240361
156 255 112 0 238 255 75 255 0 0 255 255 55240928
94 255 154 0 196 255 73 255 0 0 255 255 55310335
56 255 202 0 219 255 71 255 0 0 254 255 55481286
28 255 215 0 238 255 68 255 1 0 254 255 55502914
22 255 220 0 231 255 64 255 0 0 254 255 55729476
115 255 146 0 247 255 61 255 1 0 255 255 55730209
176 255 58 0 41 0 58 255 0 0 255 255 55789604
137 255 16 0 9 0 55 255 0 0 0 0 56032594
176 255 34 0 236 255 52 255 0 0 0 0 56033293
186 255 69 0 14 0 48 255 0 0 255 255 56080488
193 255 84 0 13 0 44 255 0 0 255 255 56272252
165 255 171 0 235 255 39 255 0 0 255 255 56272877
175 255 213 0 5 0 34 255 1 0 254 255 56514611
166 255 17 1 252 255 29 255 0 0 253 255 56515381
202 255 35 1 29 0 25 255 0 0 253 255 56555637
145 255 33 1 21 0 21 255 0 0 253 255 56762007
151 255 35 1 225 255 13 255 0 0 253 255 56846492
223 255 105 1 214 255 8 255 0 0 253 255 56940685
7 0 155 1 242 255 4 255 0 0 253 255 57038961
251 255 146 1 20 0 255 254 0 0 253 255 57293765
5 0 138 1 9 0 250 254 0 0 253 255 57294380
231 255 130 1 17 0 246 254 0 0 252 255 57325743
8 0 137 1 248 255 241 254 0 0 252 255 57535108
23 0 146 1 237 255 236 254 0 0 252 255 57535511
234 255 168 1 10 0 231 254 0 0 251 255 57776323
18 0 184 1 247 255 226 254 0 0 251 255 57776928
45 0 175 1 235 255 221 254 0 0 251 255 57804977
85 0 144 1 253 255 216 254 255 255 251 255 57975156
95 0 107 1 1 0 210 254 254 255 252 255 57997487
155 0 82 1 233 255 205 254 254 255 252 255 58091723
165 0 97 1 4 0 201 254 253 255 252 255 58292439
163 0 83 1 18 0 56 1 253 255 252 255 58293418
192 0 71 1 22 0 52 1 253 255 253 255 58533366
222 0 91 1 30 0 49 1 252 255 253 255 58533825
197 0 138 1 35 0 45 1 253 255 253 255 58570958
236 0 167 1 233 255 41 1 253 255 253 255 58782991
18 1 214 1 237 255 38 1 252 255 253 255 58783554
250 0 208 1 17 0 35 1 252 255 253 255 58861784
240 0 182 1 28 0 32 1 252 255 253 255 59031755
225 0 214 1 26 0 28 1 252 255 253 255 59050254
223 0 239 1 19 0 25 1 253 255 253 255 59327903
231 0 4 2 19 0 22 1 252 255 253 255 59328729
173 0 237 1 38 0 19 1 252 255 252 255 59336984
129 0 207 1 73 0 16 1 253 255 252 255 59569750
138 0 177 1 94 0 12 1 253 255 252 255 59570400
99 0 161 1 11 0 9 1 253 255 252 255 59623744
110 0 198 1 3 0 5 1 253 255 252 255 59816040
102 0 224 1 254 255 1 1 253 255 252 255 59816935
155 0 194 1 65 0 252 0 253 255 252 255 60056461
183 0 104 1 40 0 248 0 253 255 253 255 60057306
168 0 44 1 17 0 245 0 253 255 253 255 60103014
222 0 245 0 10 0 241 0 253 255 253 255 60294626
210 0 19 1 0 0 239 0 253 255 253 255 60299584
138 0 35 1 23 0 236 0 253 255 253 255 60393892
165 0 37 1 223 255 233 0 253 255 253 255 60598855
220 0 63 1 203 255 229 0 253 255 253 255 60599213
20 1 58 1 234 255 226 0 252 255 253 255 60839532
68 1 9 1 13 0 223 0 252 255 253 255 60840152
88 1 252 0 58 0 220 0 251 255 253 255 60873114
95 1 34 1 252 255 217 0 251 255 253 255 61078841
79 1 54 1 229 255 215 0 251 255 253 255 61079451
129 1 120 1 242 255 209 0 251 255 253 255 61317964
133 1 152 1 255 255 207 0 250 255 253 255 61352329
109 1 133 1 46 0 204 0 250 255 253 255 61519821
155 1 104 1 61 0 202 0 250 255 253 255 61544838
142 1 110 1 10 0 200 0 250 255 253 255 61639062
29 1 177 1 6 0 199 0 250 255 252 255 61835223
252 0 160 1 92 0 197 0 251 255 252 255 61836715
246 0 114 1 72 0 195 0 251 255 252 255 62073299
248 0 51 1 226 255 194 0 251 255 252 255 62073869
38 1 19 1 250 255 193 0 251 255 252 255 62118363
11 1 242 0 122 0 192 0 251 255 252 255 62323702
16 1 2 1 239 255 191 0 252 255 253 255 62324238
228 1 38 1 237 255 191 0 253 255 252 255 62405164
178 0 96 1 11 0 189 0 254 255 252 255 62577842
235 0 122 1 8 0 187 0 253 255 252 255 62597630
234 0 93 1 168 255 186 0 253 255 252 255 62823398
58 1 103 1 206 255 186 0 253 255 252 255 62823873
87 1 127 1 27 0 186 0 252 255 252 255 62884434
37 1 169 1 38 0 186 0 252 255 251 255 63077215
65 1 244 1 233 255 186 0 252 255 251 255 63080920
61 1 21 2 49 0 185 0 252 255 250 255 63321907
128 1 186 1 71 0 185 0 252 255 251 255 63322340
80 1 44 1 16 0 185 0 252 255 252 255 63363648
116 1 231 0 20 0 184 0 251 255 252 255 63570818
124 1 234 0 30 0 185 0 250 255 253 255 63571316
30 1 21 1 17 0 186 0 250 255 252 255 63654511
182 0 69 1 51 0 187 0 251 255 251 255 63871565
162 0 69 1 243 255 187 0 251 255 251 255 63872315
152 0 70 1 177 255 188 0 252 255 251 255 64109997
119 0 64 1 20 0 188 0 252 255 250 255 64110571
152 0 76 1 12 0 188 0 252 255 251 255 64133755
235 0 108 1 9 0 188 0 251 255 251 255 64347842
218 0 120 1 32 0 187 0 251 255 250 255 64348385
62 1 71 1 0 0 187 0 251 255 250 255 64420479
137 1 22 1 0 0 187 0 250 255 251 255 64596225
51 1 238 0 26 0 187 0 250 255 251 255 64612971
233 0 230 0 45 0 186 0 251 255 251 255 64843383
0 1 16 1 17 0 184 0 252 255 251 255 64844003
66 1 32 1 62 0 184 0 251 255 251 255 64899702
251 0 25 1 60 0 183 0 251 255 251 255 65087133
241 0 13 1 31 0 183 0 251 255 251 255 65092199
187 0 16 1 255 255 183 0 251 255 251 255 65190527
197 0 29 1 201 255 183 0 251 255 251 255 65284793
159 0 78 1 215 255 183 0 251 255 250 255 65378963
94 0 80 1 247 255 183 0 250 255 250 255 65618115
85 0 28 1 41 0 183 0 250 255 250 255 65618635
126 0 230 0 2 0 184 0 250 255 251 255 65669856
183 0 227 0 202 255 185 0 250 255 251 255 65857344
240 0 16 1 251 255 186 0 249 255 250 255 65858234
8 1 39 1 10 0 188 0 249 255 250 255 66108235
21 1 18 1 28 0 190 0 249 255 250 255 66108934
233 0 234 0 129 0 193 0 249 255 251 255 66145011
168 0 226 0 51 0 196 0 250 255 251 255 66358918
64 0 213 0 40 0 199 0 250 255 251 255 66359589
95 0 179 0 48 0 203 0 251 255 251 255 66435821
45 0 150 0 248 255 207 0 251 255 250 255 66612019
79 0 172 0 197 255 212 0 252 255 250 255 66624237
119 0 213 0 210 255 217 0 252 255 250 255 66859099
121 0 0 1 226 255 221 0 252 255 250 255 66859690
81 0 11 1 3 0 226 0 252 255 249 255 66915063
55 0 212 0 237 255 230 0 252 255 250 255 67107344
72 0 180 0 243 255 235 0 252 255 250 255 67107732
68 0 128 0 207 255 239 0 251 255 250 255 67357351
82 0 88 0 243 255 244 0 251 255 250 255 67357778
58 0 54 0 254 255 248 0 251 255 251 255 67390292
66 0 243 255 240 255 252 0 252 255 251 255 67607016
141 0 170 255 248 255 0 1 251 255 252 255 67608111
155 0 177 255 229 255 4 1 252 255 253 255 67681115
170 0 40 0 18 0 12 1 252 255 252 255 67869520
181 0 15 0 243 255 16 1 252 255 253 255 68102423
253 0 228 255 233 255 20 1 251 255 252 255 68102895
4 1 219 255 228 255 23 1 251 255 252 255 68160358
228 0 219 255 243 255 26 1 251 255 253 255 68351859
194 0 251 255 230 255 29 1 251 255 253 255 68352890
210 0 58 0 16 0 32 1 251 255 253 255 68447128
196 0 98 0 52 0 35 1 250 255 253 255 68603972
157 0 144 0 30 0 38 1 250 255 253 255 68639634
93 0 141 0 10 0 40 1 249 255 253 255 68902460
158 0 120 0 20 0 42 1 249 255 253 255 68903075
176 0 77 0 239 255 45 1 248 255 253 255 68926316
143 0 68 0 219 255 48 1 249 255 253 255 69142556
197 0 106 0 241 255 50 1 248 255 253 255 69143050
153 0 136 0 32 0 53 1 248 255 253 255 69382586
116 0 119 0 55 0 56 1 248 255 253 255 69383433
116 0 51 0 10 0 199 254 249 255 253 255 69405606
104 0 24 0 224 255 201 254 249 255 254 255 69633854
150 0 44 0 225 255 204 254 250 255 254 255 69634224
177 0 50 0 219 255 206 254 250 255 254 255 69696458
191 0 52 0 0 0 209 254 250 255 253 255 69881530
221 0 2 0 28 0 212 254 250 255 254 255 69884827
201 0 9 0 45 0 216 254 249 255 254 255 70132617
173 0 194 255 39 0 220 254 249 255 254 255 70133697
153 0 227 255 249 255 224 254 249 255 254 255 70171655
202 0 7 0 238 255 228 254 249 255 254 255 70383173
156 0 4 0 38 0 233 254 249 255 254 255 70383790
143 0 238 255 22 0 237 254 249 255 255 255 70462481
145 0 218 255 5 0 242 254 249 255 0 0 70679618
197 0 179 255 231 255 246 254 249 255 0 0 70680324
229 0 173 255 224 255 250 254 249 255 0 0 70917683
40 1 146 255 222 255 254 254 248 255 0 0 70918107
70 1 144 255 255 255 1 255 248 255 0 0 70941677
98 1 142 255 17 0 4 255 247 255 0 0 71160214
151 1 139 255 48 0 7 255 247 255 0 0 71160912
186 1 115 255 62 0 10 255 246 255 0 0 71228462
201 1 71 255 80 0 13 255 246 255 1 0 71399562
206 1 76 255 50 0 15 255 246 255 1 0 71421066
203 1 120 255 255 255 17 255 246 255 0 0 71648763
135 1 140 255 255 255 18 255 247 255 0 0 71649565
135 1 110 255 68 0 20 255 248 255 0 0 71707695
84 1 112 255 24 0 21 255 248 255 0 0 71947828
36 1 172 255 0 0 22 255 249 255 0 0 71948903
7 1 211 255 221 255 22 255 249 255 0 0 71994468
22 1 27 0 198 255 22 255 249 255 0 0 72092743
7 1 89 0 201 255 21 255 248 255 0 0 72186975
26 1 96 0 246 255 21 255 248 255 0 0 72416721
77 1 43 0 22 0 21 255 248 255 0 0 72417404
73 1 230 255 213 255 22 255 248 255 0 0 72473707
104 1 241 255 245 255 22 255 248 255 0 0 72666124
125 1 12 0 10 0 23 255 247 255 0 0 72670279
32 1 64 0 52 0 24 255 248 255 0 0 72915102
35 1 110 0 116 0 25 255 248 255 0 0 72915561
5 1 83 0 69 0 26 255 248 255 0 0 72957051
177 0 82 0 21 0 26 255 249 255 0 0 73166628
190 0 40 0 31 0 27 255 249 255 0 0 73167200
167 0 7 0 21 0 27 255 249 255 0 0 73243836
153 0 215 255 229 255 27 255 249 255 0 0 73413240
109 0 201 255 218 255 28 255 250 255 0 0 73436346
83 0 202 255 229 255 28 255 250 255 1 0 73661211
69 0 195 255 235 255 28 255 250 255 1 0 73661810
72 0 144 255 24 0 28 255 250 255 1 0 73723076
70 0 89 255 248 255 28 255 250 255 2 0 73964130
97 0 58 255 15 0 28 255 250 255 2 0 73965049
56 0 39 255 202 255 28 255 250 255 2 0 74009842
82 0 254 254 234 255 28 255 250 255 3 0 74203820
71 0 236 254 39 0 28 255 250 255 3 0 74204333
44 0 24 255 23 0 27 255 251 255 3 0 74442525
148 0 121 255 21 0 26 255 252 255 2 0 74443296
156 0 243 255 255 255 25 255 251 255 1 0 74489075
82 0 21 0 59 0 23 255 252 255 0 0 74690504
123 0 231 255 2 0 19 255 252 255 0 0 74775836
146 0 19 0 238 255 18 255 252 255 0 0 74938825
178 0 88 0 223 255 17 255 252 255 0 0 74968343
135 0 111 0 3 0 16 255 252 255 255 255 75183004
107 0 129 0 8 0 14 255 252 255 255 255 75183524
100 0 155 0 175 255 12 255 253 255 255 255 75259200
125 0 179 0 172 255 11 255 253 255 255 255 75482375
180 0 203 0 216 255 9 255 252 255 255 255 75483265
181 0 173 0 12 0 8 255 252 255 255 255 75545830
236 0 115 0 95 0 6 255 252 255 255 255 75640124
11 1 93 0 35 0 6 255 252 255 0 0 75734331
5 1 132 0 223 255 5 255 252 255 0 0 75948940
18 1 149 0 202 255 5 255 252 255 0 0 75949643
24 1 163 0 221 255 4 255 251 255 0 0 76025215
14 1 164 0 43 0 4 255 251 255 0 0 76192804
11 1 171 0 87 0 3 255 251 255 255 255 76213623
236 0 126 0 85 0 3 255 251 255 255 255 76444279
158 0 78 0 12 0 3 255 251 255 0 0 76444908
103 0 102 0 20 0 3 255 251 255 0 0 76500367
104 0 36 0 13 0 3 255 252 255 0 0 76743823
54 0 225 255 23 0 3 255 252 255 0 0 76744263
251 255 178 255 211 255 4 255 252 255 0 0 76791230
228 255 177 255 18 0 4 255 253 255 0 0 76982984
4 0 186 255 223 255 4 255 253 255 1 0 76983646
114 0 199 255 175 255 5 255 253 255 1 0 77225498
173 0 226 255 210 255 6 255 251 255 0 0 77226304
170 0 205 255 226 255 6 255 251 255 1 0 77270447
219 0 231 255 9 0 7 255 250 255 0 0 77465911
181 0 26 0 9 0 7 255 250 255 0 0 77466435
131 0 45 0 252 255 7 255 251 255 0 0 77557267
143 0 34 0 238 255 7 255 252 255 0 0 77655491
194 0 14 0 12 0 7 255 252 255 0 0 77749651
236 0 229 255 4 0 8 255 251 255 0 0 77988437
175 0 228 255 234 255 8 255 250 255 0 0 77988949
115 0 234 255 232 255 8 255 250 255 0 0 78036438
76 0 250 255 211 255 8 255 250 255 0 0 78229183
49 0 27 0 223 255 8 255 250 255 0 0 78230046
13 0 77 0 197 255 7 255 250 255 255 255 78524815
47 0 102 0 0 0 7 255 250 255 255 255 78526195
99 0 76 0 234 255 7 255 249 255 255 255 78527489
139 0 67 0 234 255 7 255 249 255 255 255 78766129
149 0 58 0 21 0 7 255 249 255 254 255 78766648
128 0 34 0 0 0 7 255 249 255 255 255 78802499
130 0 29 0 20 0 7 255 250 255 255 255 79005761
131 0 48 0 51 0 8 255 250 255 255 255 79006137
140 0 45 0 122 0 9 255 250 255 255 255 79245515
100 0 31 0 43 0 10 255 249 255 255 255 79246039
21 0 88 0 235 255 10 255 250 255 255 255 79285813
119 0 125 0 244 255 10 255 250 255 255 255 79493888
148 0 103 0 223 255 11 255 250 255 254 255 79494232
134 0 62 0 210 255 12 255 250 255 255 255 79568445
189 0 4 0 239 255 12 255 250 255 255 255 79737429
143 0 244 255 206 255 12 255 250 255 0 0 79765058
101 0 233 255 203 255 13 255 250 255 0 0 79982829
116 0 5 0 243 255 13 255 250 255 0 0 79983429
155 0 227 255 209 255 14 255 250 255 0 0 80051774
203 0 162 255 200 255 14 255 250 255 0 0 80232261
198 0 192 255 211 255 15 255 249 255 0 0 80240230
237 0 199 255 226 255 15 255 249 255 0 0 80476750
42 1 189 255 227 255 15 255 248 255 0 0 80477370
2 1 187 255 29 0 14 255 248 255 0 0 80531068
120 0 233 255 41 0 13 255 248 255 0 0 80785840
91 0 248 255 49 0 12 255 249 255 0 0 80786185
155 0 254 255 38 0 10 255 249 255 0 0 80817788
41 0 245 255 237 255 10 255 249 255 255 255 81029026
242 255 37 0 182 255 9 255 250 255 255 255 81030376
227 255 79 0 182 255 7 255 250 255 255 255 81265368
229 255 100 0 9 0 6 255 250 255 255 255 81265797
203 255 64 0 49 0 5 255 250 255 255 255 81297073
204 255 20 0 57 0 4 255 250 255 255 255 81508253
61 0 22 0 29 0 4 255 250 255 255 255 81508789
139 0 73 0 232 255 4 255 249 255 255 255 81583782
165 0 105 0 244 255 5 255 249 255 255 255 81753758
131 0 112 0 93 0 5 255 249 255 255 255 81776297
107 0 87 0 135 0 6 255 249 255 0 0 82003692
110 0 108 0 254 255 6 255 250 255 0 0 82004446
33 0 78 0 231 255 7 255 250 255 0 0 82063122
26 0 44 0 182 255 7 255 250 255 0 0 82250787
153 255 41 0 183 255 7 255 251 255 255 255 82255601
88 255 13 0 183 255 7 255 252 255 0 0 82353865
134 255 250 255 225 255 6 255 253 255 0 0 82448179
231 255 240 255 197 255 6 255 252 255 0 0 82546410
216 255 211 255 211 255 7 255 252 255 0 0 82781492
18 0 196 255 246 255 7 255 253 255 0 0 82782199
15 0 211 255 242 255 7 255 253 255 0 0 82833222
49 0 215 255 247 255 6 255 253 255 0 0 83020296
108 0 178 255 223 255 6 255 253 255 0 0 83021563
142 0 187 255 234 255 5 255 253 255 0 0 83266467
110 0 9 0 60 0 4 255 253 255 0 0 83267106
102 0 59 0 51 0 3 255 253 255 255 255 83308384
51 0 53 0 13 0 3 255 253 255 255 255 83516611
55 0 32 0 210 255 2 255 253 255 255 255 83517230
247 255 39 0 208 255 1 255 252 255 255 255 83599235
197 255 77 0 219 255 0 255 252 255 255 255 83760144
179 255 113 0 0 0 255 254 253 255 254 255 83791685
183 255 157 0 244 255 255 254 253 255 254 255 84052854
185 255 179 0 0 0 255 254 253 255 253 255 84053457
0 0 139 0 31 0 255 254 252 255 254 255 84078420
53 0 113 0 63 0 255 254 252 255 254 255 84292355
107 0 106 0 21 0 255 254 251 255 254 255 84292922
109 0 107 0 32 0 255 254 250 255 255 255 84533698
137 0 157 0 47 0 0 255 251 255 255 255 84534658
218 0 158 0 56 0 0 255 250 255 255 255 84557726
99 0 151 0 219 255 0 255 250 255 255 255 84770174
136 0 150 0 22 0 0 255 250 255 255 255 84770548
82 0 118 0 0 0 0 255 250 255 255 255 84844478
30 0 63 0 218 255 0 255 251 255 255 255 85016093
20 0 243 255 173 255 0 255 251 255 255 255 85036966
220 255 212 255 173 255 1 255 251 255 255 255 85267797
230 255 200 255 246 255 1 255 251 255 255 255 85268612
244 255 177 255 222 255 2 255 251 255 255 255 85323748
224 255 202 255 47 0 2 255 250 255 255 255 85514669
243 255 216 255 13 0 3 255 251 255 255 255 85516230
73 0 246 255 193 255 3 255 250 255 255 255 85610461
72 0 19 0 211 255 2 255 250 255 255 255 85708701
94 0 0 0 230 255 2 255 251 255 255 255 85807055
72 0 253 255 49 0 2 255 251 255 255 255 86034663
76 0 252 255 105 0 1 255 251 255 255 255 86035901
36 0 243 255 213 255 1 255 251 255 255 255 86093770
42 0 12 0 212 255 1 255 251 255 255 255 86335087
27 0 14 0 207 255 2 255 250 255 255 255 86335861
203 255 42 0 197 255 2 255 251 255 255 255 86572593
170 255 87 0 252 255 2 255 251 255 254 255 86573164
114 255 142 0 212 255 3 255 251 255 254 255 86573771
209 255 167 0 11 0 4 255 252 255 253 255 86814501
220 255 149 0 254 255 5 255 251 255 253 255 86855702
237 255 136 0 235 255 6 255 251 255 254 255 87055542
251 255 96 0 0 0 8 255 251 255 254 255 87056034
12 0 110 0 42 0 10 255 251 255 254 255 87290931
221 255 109 0 40 0 13 255 252 255 254 255 87292526
220 255 124 0 37 0 17 255 252 255 254 255 87335056
239 255 56 0 23 0 21 255 252 255 254 255 87540651
6 0 217 255 245 255 26 255 252 255 255 255 87541259
239 255 176 255 247 255 31 255 252 255 255 255 87780225
50 0 134 255 239 255 36 255 252 255 255 255 87780694
57 0 123 255 3 0 41 255 252 255 0 0 87818280
49 0 139 255 12 0 47 255 252 255 0 0 88030507
69 0 152 255 229 255 52 255 252 255 0 0 88031065
98 0 166 255 236 255 58 255 252 255 255 255 88105069
113 0 126 255 48 0 63 255 252 255 255 255 88279914
112 0 69 255 8 0 69 255 252 255 255 255 88297636
167 0 7 255 211 255 74 255 251 255 0 0 88524218
233 0 222 254 239 255 79 255 251 255 0 0 88524765
62 1 176 254 239 255 84 255 250 255 0 0 88584322
106 1 136 254 203 255 88 255 249 255 0 0 88775448
172 1 174 254 220 255 93 255 249 255 0 0 88776930
184 1 245 254 214 255 97 255 248 255 0 0 89025567
172 1 5 255 224 255 101 255 248 255 255 255 89026091
150 1 8 255 197 255 104 255 247 255 255 255 89063637
93 1 9 255 253 255 106 255 248 255 255 255 89279501
86 1 70 255 0 0 108 255 248 255 254 255 89280044
252 0 92 255 8 0 110 255 248 255 254 255 89350381
192 0 101 255 248 255 112 255 248 255 254 255 89524732
178 0 116 255 200 255 114 255 248 255 254 255 89542886
197 0 100 255 214 255 117 255 249 255 254 255 89777627
245 0 112 255 22 0 119 255 248 255 255 255 89778175
233 0 169 255 59 0 123 255 249 255 255 255 89829615
208 0 224 255 89 0 126 255 249 255 255 255 90021259
216 0 230 255 47 0 129 255 249 255 255 255 90242543
4 1 187 255 15 0 131 255 249 255 255 255 90242989
113 1 177 255 2 0 134 255 249 255 255 255 90411132
158 1 211 255 22 0 137 255 248 255 255 255 90411591
110 1 216 255 35 0 139 255 248 255 255 255 90591866
85 1 206 255 46 0 141 255 248 255 254 255 90593126
48 1 221 255 87 0 143 255 249 255 254 255 90599660
40 1 196 255 34 0 145 255 249 255 254 255 90829557
236 0 231 255 200 255 147 255 250 255 253 255 90830070
4 1 249 255 215 255 148 255 250 255 253 255 91063841
209 0 243 255 204 255 150 255 250 255 253 255 91064354
114 0 247 255 7 0 151 255 250 255 253 255 91078941
77 0 213 255 219 255 153 255 251 255 254 255 91302867
104 0 225 255 144 255 155 255 251 255 254 255 91303381
196 0 212 255 236 255 156 255 250 255 253 255 91365680
208 0 167 255 22 0 158 255 249 255 254 255 91552316
254 0 110 255 236 255 159 255 249 255 255 255 91558258
37 1 44 255 214 255 161 255 249 255 255 255 91801597
44 1 59 255 156 255 162 255 249 255 255 255 91802392
64 1 139 255 10 0 163 255 249 255 255 255 91844967
22 1 128 255 117 0 163 255 249 255 255 255 92050669
9 1 88 255 73 0 164 255 250 255 255 255 92051350
7 1 72 255 235 255 165 255 250 255 255 255 92131696
247 0 97 255 188 255 167 255 250 255 255 255 92299674
216 0 145 255 222 255 169 255 250 255 254 255 92324225
128 0 206 255 21 0 170 255 250 255 254 255 92548711
118 0 235 255 37 0 171 255 250 255 254 255 92549093
178 0 254 255 251 255 173 255 251 255 254 255 92610941
203 0 5 0 6 0 176 255 250 255 254 255 92799967
200 0 12 0 228 255 178 255 251 255 254 255 92803545
243 0 28 0 234 255 180 255 251 255 254 255 93050163
39 1 13 0 48 0 182 255 251 255 255 255 93051365
64 1 215 255 31 0 185 255 251 255 255 255 93094313
42 1 200 255 26 0 188 255 251 255 255 255 93290429
74 1 222 255 41 0 190 255 250 255 0 0 93290911
104 1 245 255 39 0 193 255 250 255 255 255 93376937
35 1 191 255 10 0 197 255 249 255 0 0 93589036
74 1 174 255 26 0 201 255 249 255 0 0 93590715
56 1 152 255 230 255 206 255 249 255 0 0 93827530
37 1 192 255 176 255 211 255 249 255 255 255 93828016
41 1 249 255 210 255 216 255 249 255 254 255 93860285
72 1 235 255 255 255 220 255 248 255 254 255 94073175
89 1 177 255 48 0 225 255 248 255 254 255 94073684
36 1 172 255 37 0 230 255 248 255 253 255 94315448
63 1 179 255 8 0 239 255 248 255 253 255 94335449
68 1 142 255 236 255 243 255 248 255 253 255 94554981
107 1 110 255 242 255 247 255 247 255 254 255 94555622
160 1 113 255 19 0 251 255 247 255 254 255 94626325
165 1 112 255 20 0 0 0 246 255 254 255 94796272
84 1 101 255 254 255 3 0 246 255 254 255 94818852
81 1 95 255 255 255 8 0 247 255 254 255 95046508
82 1 150 255 233 255 12 0 246 255 254 255 95047071
55 1 185 255 8 0 17 0 247 255 254 255 95105568
100 1 196 255 255 255 22 0 247 255 254 255 95296694
153 1 197 255 236 255 26 0 246 255 254 255 95298085
167 1 210 255 7 0 30 0 246 255 254 255 95546496
211 1 203 255 245 255 34 0 246 255 254 255 95547049
183 1 205 255 13 0 37 0 246 255 254 255 95584873
125 1 173 255 69 0 40 0 246 255 255 255 95798512
118 1 141 255 21 0 43 0 247 255 255 255 95799046
119 1 132 255 0 0 46 0 248 255 255 255 95871635
168 1 145 255 241 255 49 0 248 255 255 255 96048406
174 1 234 255 21 0 52 0 248 255 255 255 96064128
148 1 255 255 1 0 54 0 248 255 255 255 96292333
117 1 28 0 28 0 57 0 249 255 255 255 96293241
99 1 37 0 28 0 60 0 249 255 255 255 96350880
95 1 92 0 241 255 62 0 249 255 254 255 96536179
86 1 146 0 1 0 65 0 249 255 254 255 96543343
32 1 191 0 247 255 68 0 250 255 253 255 96641656
35 1 227 0 28 0 71 0 250 255 252 255 96785829
19 1 239 0 22 0 73 0 250 255 252 255 96834219
246 0 235 0 244 255 76 0 251 255 252 255 97093107
9 1 14 1 16 0 79 0 251 255 251 255 97093583
108 1 244 0 53 0 81 0 252 255 251 255 97116842
103 1 201 0 58 0 84 0 251 255 251 255 97334337
120 1 165 0 15 0 87 0 251 255 251 255 97334687
185 1 129 0 2 0 89 0 251 255 252 255 97574603
248 1 133 0 43 0 92 0 250 255 252 255 97575130
199 1 150 0 110 0 95 0 250 255 252 255 97596178
180 1 146 0 42 0 98 0 250 255 252 255 97812930
106 1 153 0 68 0 101 0 250 255 252 255 97813455
141 1 160 0 32 0 104 0 250 255 252 255 97886981
119 1 162 0 17 0 108 0 250 255 252 255 98063213
66 1 139 0 30 0 111 0 250 255 251 255 98079484
103 1 97 0 246 255 114 0 250 255 252 255 98311396
118 1 34 0 3 0 117 0 250 255 252 255 98311809
79 1 242 255 25 0 120 0 250 255 252 255 98366242
18 1 179 255 232 255 123 0 250 255 253 255 98561312
43 1 101 255 181 255 126 0 251 255 255 255 98561667
74 1 152 255 178 255 129 0 250 255 255 255 98809450
66 1 23 0 174 255 132 0 250 255 255 255 98809851
71 1 85 0 15 0 135 0 249 255 254 255 98845508
77 1 75 0 47 0 137 0 249 255 253 255 99064301
151 1 26 0 235 255 138 0 249 255 254 255 99064824
175 1 48 0 178 255 138 0 249 255 254 255 99132248
200 1 50 0 231 255 138 0 249 255 254 255 99309527
180 1 56 0 42 0 138 0 248 255 253 255 99324689
123 1 51 0 117 0 137 0 249 255 253 255 99560730
129 1 24 0 249 255 136 0 249 255 254 255 99561591
79 1 92 0 195 255 137 0 250 255 253 255 99611542
50 1 126 0 1 0 137 0 250 255 252 255 99862077
25 1 89 0 34 0 137 0 250 255 253 255 99862622
211 0 55 0 39 0 137 0 250 255 253 255 99898278
212 0 74 0 14 0 138 0 250 255 253 255 100103285
210 0 120 0 6 0 138 0 251 255 253 255 100103862
64 1 114 0 29 0 139 0 250 255 254 255 100340468
146 1 98 0 16 0 140 0 249 255 254 255 100340890
189 1 118 0 16 0 141 0 249 255 254 255 100377470
206 1 147 0 35 0 142 0 248 255 254 255 100578964
229 1 142 0 65 0 143 0 247 255 255 255 100579487
217 1 113 0 77 0 145 0 247 255 255 255 100664218
159 1 90 0 114 0 146 0 246 255 255 255 100825301
245 0 132 0 39 0 148 0 247 255 255 255 100860789
246 0 119 0 21 0 150 0 248 255 254 255 101070873
214 0 59 0 207 255 151 0 248 255 255 255 101071353
228 0 25 0 142 255 153 0 248 255 255 255 101143479
217 0 36 0 216 255 155 0 248 255 254 255 101322243
127 0 3 0 23 0 156 0 249 255 254 255 101340063
72 0 217 255 3 0 158 0 250 255 255 255 101613467
54 0 223 255 11 0 160 0 251 255 255 255 101614173
39 0 223 255 219 255 162 0 252 255 255 255 101626912
101 0 204 255 191 255 165 0 252 255 255 255 101851142
155 0 197 255 159 255 167 0 252 255 0 0 101851550
142 0 228 255 3 0 169 0 252 255 255 255 101913607
164 0 209 255 9 0 171 0 252 255 255 255 102092507
187 0 220 255 216 255 173 0 252 255 255 255 102106070
171 0 30 0 234 255 174 0 252 255 255 255 102341760
189 0 112 0 245 255 175 0 252 255 254 255 102342172
188 0 134 0 47 0 175 0 252 255 254 255 102392866
242 0 86 0 244 255 175 0 251 255 254 255 102589733
44 1 172 0 238 255 176 0 251 255 253 255 102590478
70 1 239 0 0 0 177 0 251 255 252 255 102679581
133 1 37 1 48 0 179 0 251 255 252 255 102887784
85 1 222 0 107 0 181 0 251 255 252 255 102888444
10 1 248 255 86 0 188 0 252 255 254 255 103128949
200 0 196 255 72 0 193 0 253 255 255 255 103162873
172 0 174 255 217 255 197 0 253 255 0 0 103362078
217 0 179 255 183 255 203 0 253 255 0 0 103362515
231 0 178 255 201 255 208 0 253 255 0 0 103614680
17 1 171 255 191 255 214 0 253 255 255 255 103615291
250 0 184 255 212 255 219 0 252 255 255 255 103638131
235 0 173 255 227 255 224 0 252 255 255 255 103857973
26 1 182 255 199 255 229 0 252 255 255 255 103858373
8 1 213 255 217 255 234 0 251 255 254 255 103924883
6 1 255 255 254 255 239 0 251 255 254 255 104054345
51 1 235 255 246 255 244 0 250 255 254 255 104117335
82 1 21 0 246 255 250 0 249 255 254 255 104373469
68 1 71 0 28 0 0 1 249 255 253 255 104373907
29 1 25 0 62 0 5 1 249 255 253 255 104404120
45 1 253 255 15 0 10 1 249 255 253 255 104617854
87 1 9 0 243 255 15 1 249 255 253 255 104618552
113 1 15 0 38 0 20 1 248 255 253 255 104694939
110 1 39 0 50 0 24 1 248 255 253 255 104857613
101 1 50 0 95 0 29 1 248 255 253 255 104887471
163 1 50 0 29 0 33 1 248 255 253 255 105108338
198 1 50 0 249 255 37 1 248 255 253 255 105108819
226 1 41 0 19 0 41 1 248 255 253 255 105174200
219 1 26 0 17 0 44 1 248 255 253 255 105406190
9 2 37 0 240 255 47 1 248 255 253 255 105406574
215 1 92 0 199 255 50 1 247 255 253 255 105648568
229 1 143 0 165 255 52 1 247 255 253 255 105649224
208 1 197 0 135 0 55 1 247 255 251 255 105898241
168 1 133 0 82 0 55 1 247 255 252 255 105898726
100 1 93 0 10 0 55 1 248 255 253 255 105940225
77 1 62 0 231 255 55 1 248 255 253 255 106137772
61 1 38 0 206 255 55 1 248 255 253 255 106138149
70 1 30 0 251 255 55 1 248 255 254 255 106375856
56 1 74 0 45 0 54 1 248 255 254 255 106376498
64 1 79 0 104 0 53 1 248 255 253 255 106419454
97 1 45 0 67 0 53 1 248 255 254 255 106625419
169 1 22 0 47 0 53 1 247 255 254 255 106625995
218 1 78 0 251 255 53 1 247 255 254 255 106710339
13 2 127 0 7 0 53 1 246 255 254 255 106873435
231 1 109 0 79 0 54 1 247 255 254 255 106898733
217 1 58 0 191 0 54 1 247 255 254 255 107120398
121 1 5 0 17 0 54 1 247 255 255 255 107121018
51 1 64 0 39 0 54 1 247 255 255 255 107189584
45 1 43 0 251 255 54 1 247 255 255 255 107365282
167 0 82 0 214 255 54 1 247 255 255 255 107377980
89 0 78 0 247 255 53 1 248 255 255 255 107476331
79 0 47 0 247 255 52 1 248 255 255 255 107667838
155 0 29 0 3 0 52 1 248 255 255 255 107668757
186 0 23 0 50 0 51 1 247 255 255 255 107905702
160 0 195 255 10 0 49 1 247 255 0 0 107906172
192 0 154 255 231 255 47 1 247 255 0 0 107951413
178 0 173 255 232 255 44 1 248 255 0 0 108145144
67 0 238 255 218 255 41 1 248 255 0 0 108145801
42 0 53 0 221 255 36 1 250 255 255 255 108242322
68 0 120 0 53 0 32 1 250 255 255 255 108340598
28 0 152 0 41 0 27 1 250 255 255 255 108434874
33 0 115 0 27 0 22 1 250 255 255 255 108676666
27 0 105 0 205 255 16 1 251 255 255 255 108677315
84 0 129 0 198 255 10 1 251 255 0 0 108721582
96 0 143 0 188 255 4 1 250 255 0 0 108917368
90 0 168 0 220 255 254 0 250 255 0 0 108917862
100 0 160 0 219 255 247 0 250 255 0 0 109008290
121 0 191 0 190 255 240 0 250 255 0 0 109106606
87 0 208 0 237 255 233 0 250 255 0 0 109200839
119 0 229 0 9 0 226 0 251 255 0 0 109449479
187 0 193 0 19 0 220 0 251 255 0 0 109450227
187 0 194 0 251 255 214 0 251 255 0 0 109487583
219 0 185 0 176 255 208 0 251 255 0 0 109691333
46 1 157 0 145 255 203 0 251 255 0 0 109691935
236 0 225 0 98 0 194 0 251 255 255 255 109930583
139 0 178 0 208 0 189 0 252 255 255 255 109966803
56 0 198 0 126 0 186 0 253 255 254 255 110175146
36 0 236 0 246 255 182 0 253 255 254 255 110175750
58 0 1 1 217 255 176 0 253 255 253 255 110426272
55 0 203 0 234 255 173 0 253 255 253 255 110450221
40 0 171 0 35 0 170 0 252 255 253 255 110731651
89 0 127 0 105 0 167 0 252 255 254 255 110732269
118 0 108 0 107 0 164 0 251 255 254 255 110736862
128 0 131 0 237 255 161 0 251 255 254 255 110971367
65 0 182 0 132 255 158 0 251 255 254 255 110971826
1 0 210 0 98 255 155 0 252 255 253 255 111023676
226 255 185 0 3 0 152 0 253 255 253 255 111121970
209 255 134 0 203 255 149 0 254 255 253 255 111216198
167 255 156 0 167 255 148 0 255 255 253 255 111440331
142 255 169 0 199 255 146 0 255 255 254 255 111440816
204 255 236 0 246 255 144 0 255 255 253 255 111502985
53 0 127 1 227 255 142 0 254 255 252 255 111734448
90 0 114 1 64 0 142 0 254 255 252 255 111734936
145 0 237 0 69 0 140 0 253 255 253 255 111973291
155 0 205 0 19 0 139 0 253 255 254 255 111973909
140 0 225 0 0 0 139 0 254 255 254 255 111982256
159 0 9 1 75 0 139 0 254 255 254 255 112216454
161 0 239 0 78 0 139 0 253 255 254 255 112217049
48 0 182 0 44 0 139 0 253 255 255 255 112268990
44 0 170 0 45 0 139 0 253 255 255 255 112456080
58 0 151 0 235 255 140 0 253 255 255 255 112461398
86 0 190 0 223 255 140 0 253 255 0 0 112699277
125 0 216 0 239 255 140 0 253 255 255 255 112699710
117 0 218 0 254 255 141 0 252 255 0 0 112748258
119 0 228 0 232 255 141 0 253 255 0 0 112936446
161 0 233 0 236 255 141 0 252 255 255 255 112940663
160 0 219 0 216 255 141 0 252 255 255 255 113235593
173 0 196 0 197 255 142 0 252 255 255 255 113236180
148 0 170 0 17 0 143 0 251 255 255 255 113236570
104 0 150 0 52 0 143 0 251 255 255 255 113474544
87 0 107 0 26 0 142 0 251 255 0 0 113475003
100 0 78 0 234 255 142 0 251 255 0 0 113518267
131 0 78 0 211 255 143 0 251 255 0 0 113718143
192 0 85 0 215 255 142 0 250 255 0 0 113718648
166 0 75 0 34 0 142 0 250 255 0 0 113959749
155 0 84 0 20 0 142 0 250 255 0 0 113960190
122 0 115 0 33 0 142 0 251 255 0 0 113993474
154 0 169 0 255 255 142 0 251 255 255 255 114208947
141 0 176 0 217 255 142 0 250 255 255 255 114209666
100 0 222 0 20 0 141 0 250 255 254 255 114284283
63 0 238 0 62 0 140 0 250 255 254 255 114448482
0 0 182 0 48 0 139 0 251 255 255 255 114472751
16 0 168 0 7 0 138 0 250 255 255 255 114698508
253 255 170 0 3 0 137 0 250 255 0 0 114699141
3 0 174 0 14 0 136 0 251 255 255 255 114763557
240 255 118 0 232 255 135 0 251 255 255 255 114950228
172 255 107 0 235 255 134 0 251 255 0 0 114956082
141 255 98 0 214 255 133 0 252 255 0 0 115200694
175 255 73 0 192 255 132 0 252 255 0 0 115201576
172 255 99 0 172 255 131 0 253 255 0 0 115242832
225 255 140 0 162 255 129 0 253 255 0 0 115453259
51 0 246 0 211 255 127 0 252 255 0 0 115454016
108 0 27 1 37 0 126 0 252 255 0 0 115529595
137 0 4 1 29 0 125 0 251 255 255 255 115752606
192 0 225 0 7 0 123 0 251 255 255 255 115753405
15 1 231 0 0 0 122 0 250 255 255 255 115943228
12 1 203 0 4 0 122 0 250 255 255 255 115943761
234 0 169 0 13 0 121 0 249 255 255 255 116008885
212 0 153 0 252 255 121 0 249 255 255 255 116249770
188 0 175 0 41 0 121 0 249 255 255 255 116250456
166 0 154 0 64 0 122 0 249 255 255 255 116295579
123 0 136 0 219 255 123 0 249 255 255 255 116489462
163 0 178 0 20 0 124 0 249 255 255 255 116489943
150 0 215 0 22 0 125 0 248 255 255 255 116728490
65 0 240 0 238 255 126 0 249 255 254 255 116728923
71 0 202 0 219 255 127 0 249 255 254 255 116774835
92 0 157 0 252 255 129 0 249 255 255 255 116920908
76 0 170 0 2 0 130 0 248 255 254 255 116967286
80 0 144 0 234 255 131 0 248 255 255 255 117237650
93 0 168 0 197 255 132 0 248 255 255 255 117238400
111 0 204 0 236 255 133 0 248 255 255 255 117254104
67 0 216 0 4 0 134 0 248 255 254 255 117477427
43 0 189 0 248 255 135 0 249 255 254 255 117478284
31 0 154 0 201 255 135 0 249 255 254 255 117544930
20 0 114 0 190 255 136 0 250 255 255 255 117725219
61 0 99 0 200 255 136 0 250 255 255 255 117733405
140 0 108 0 223 255 136 0 249 255 255 255 117977245
150 0 83 0 43 0 136 0 248 255 255 255 117978818
105 0 96 0 33 0 136 0 248 255 255 255 118024224
124 0 89 0 245 255 135 0 248 255 0 0 118227194
143 0 124 0 208 255 134 0 248 255 0 0 118227788
135 0 159 0 252 255 131 0 247 255 0 0 118310957
171 0 146 0 16 0 128 0 248 255 0 0 118522443
157 0 97 0 25 0 124 0 248 255 0 0 118523888
145 0 92 0 60 0 120 0 248 255 0 0 118753256
99 0 179 0 12 0 115 0 248 255 0 0 118753752
142 0 14 1 13 0 110 0 248 255 255 255 118790298
73 0 69 1 242 255 106 0 247 255 254 255 118994045
244 255 48 1 232 255 102 0 248 255 254 255 118994421
3 0 50 1 25 0 97 0 248 255 253 255 119076904
234 255 250 0 236 255 93 0 248 255 253 255 119241925
245 255 236 0 171 255 88 0 248 255 253 255 119269466
30 0 254 0 156 255 83 0 248 255 253 255 119495952
35 0 46 1 153 255 79 0 248 255 253 255 119496643
2 0 149 1 121 255 74 0 248 255 252 255 119556236
101 0 209 1 238 255 70 0 248 255 250 255 119743232
161 0 184 1 31 0 67 0 247 255 250 255 119748741
225 0 124 1 34 0 63 0 246 255 250 255 119997837
22 1 105 1 19 0 59 0 245 255 250 255 119998407
38 1 139 1 245 0 56 0 245 255 250 255 120035467
28 1 134 1 58 0 51 0 246 255 250 255 120245445
58 1 87 1 31 0 49 0 246 255 250 255 120246081
176 0 99 1 45 0 46 0 246 255 250 255 120326303
201 0 74 1 95 0 42 0 246 255 250 255 120495738
155 0 77 1 35 0 38 0 246 255 250 255 120514782
55 0 102 1 247 255 33 0 246 255 249 255 120740710
92 0 43 1 39 0 30 0 246 255 249 255 120741256
254 255 73 1 232 255 26 0 246 255 249 255 120801455
11 0 82 1 252 255 20 0 246 255 250 255 120994344
53 0 59 1 215 255 17 0 245 255 250 255 121092303
109 0 83 1 203 255 14 0 245 255 250 255 121299259
136 0 48 1 47 0 11 0 245 255 251 255 121299798
119 0 194 0 19 0 8 0 245 255 252 255 121537635
171 0 140 0 221 255 6 0 246 255 252 255 121538079
188 0 161 0 163 255 4 0 247 255 252 255 121571534
183 0 241 0 217 255 1 0 247 255 252 255 121777488
166 0 37 1 252 255 255 255 247 255 252 255 121778118
128 0 76 1 246 255 253 255 247 255 251 255 121858295
93 0 81 1 30 0 250 255 248 255 251 255 121956573
142 0 38 1 250 255 247 255 248 255 251 255 122050841
162 0 243 0 224 255 244 255 248 255 251 255 122313418
185 0 246 0 250 255 242 255 248 255 251 255 122314087
157 0 227 0 24 0 239 255 248 255 251 255 122337523
166 0 210 0 211 255 237 255 249 255 251 255 122553556
195 0 14 1 223 255 235 255 248 255 251 255 122554043
184 0 115 1 248 255 232 255 248 255 250 255 122794396
217 0 179 1 61 0 230 255 248 255 250 255 122794903
245 0 206 1 15 0 228 255 247 255 249 255 122816825
23 1 202 1 73 0 227 255 248 255 249 255 123039146
99 1 166 1 0 0 225 255 247 255 250 255 123039647
179 1 143 1 181 255 223 255 247 255 250 255 123103534
214 1 28 1 63 0 222 255 246 255 251 255 123296064
64 1 234 0 115 0 222 255 246 255 251 255 123522801
59 1 212 0 86 0 222 255 246 255 252 255 123523504
45 1 18 1 24 0 222 255 246 255 252 255 123582826
204 0 56 1 78 0 222 255 246 255 252 255 123773298
121 0 8 1 5 0 223 255 247 255 252 255 123775275
221 255 203 0 0 0 223 255 247 255 252 255 124024327
184 255 94 0 205 255 224 255 248 255 253 255 124024807
143 255 150 0 198 255 224 255 249 255 253 255 124066227
154 255 215 0 150 255 224 255 250 255 253 255 124276375
18 0 0 1 241 255 224 255 249 255 253 255 124276948
39 0 235 0 3 0 224 255 249 255 253 255 124352953
93 0 202 0 237 255 224 255 249 255 253 255 124522529
155 0 195 0 232 255 224 255 249 255 253 255 124545507
159 0 163 0 172 255 223 255 249 255 253 255 124825364
168 0 197 0 194 255 222 255 249 255 253 255 124825921
177 0 232 0 116 0 222 255 250 255 252 255 124832201
166 0 213 0 28 0 222 255 249 255 252 255 125071377
113 0 234 0 243 255 222 255 249 255 252 255 125071886
119 0 185 0 223 255 222 255 249 255 253 255 125118963
53 0 181 0 235 255 222 255 249 255 253 255 125304332
0 0 204 0 217 255 222 255 249 255 253 255 125311439
208 255 245 0 167 255 223 255 250 255 253 255 125540430
203 255 17 1 194 255 224 255 250 255 253 255 125541024
223 255 11 1 27 0 224 255 250 255 252 255 125598235
247 255 203 0 191 255 225 255 249 255 253 255 125791697
40 0 190 0 248 255 226 255 249 255 254 255 125792318
49 0 181 0 19 0 228 255 249 255 254 255 126044557
100 0 235 0 239 255 230 255 248 255 253 255 126045356
163 0 40 1 196 255 232 255 247 255 253 255 126077470
152 0 65 1 2 0 232 255 247 255 251 255 126343054
137 0 69 1 86 0 231 255 248 255 251 255 126343558
202 0 254 0 96 0 230 255 248 255 251 255 126364224
155 0 234 0 240 255 229 255 247 255 251 255 126582357
141 0 19 1 24 0 227 255 248 255 250 255 126583984
159 0 254 0 41 0 226 255 248 255 250 255 126819926
69 0 14 1 249 255 226 255 248 255 250 255 126820350
86 0 241 0 255 255 226 255 249 255 250 255 126843471
91 0 240 0 37 0 226 255 248 255 250 255 127061750
135 0 186 0 217 255 226 255 248 255 250 255 127062284
176 0 168 0 204 255 228 255 247 255 250 255 127134299
116 0 239 0 166 255 229 255 246 255 250 255 127312568
191 0 244 0 139 255 230 255 245 255 250 255 127326787
152 0 225 0 204 255 231 255 244 255 250 255 127548372
42 0 199 0 24 0 231 255 245 255 250 255 127548837
239 255 163 0 39 0 231 255 245 255 250 255 127613531
194 255 175 0 10 0 231 255 246 255 250 255 127799354
52 0 241 0 41 0 231 255 246 255 250 255 127801917
55 0 66 1 226 255 232 255 247 255 250 255 128051931
72 0 110 1 29 0 234 255 247 255 249 255 128052311
79 0 103 1 42 0 235 255 248 255 249 255 128088748
47 0 86 1 244 255 238 255 249 255 250 255 128298501
52 0 252 0 26 0 241 255 250 255 250 255 128299078
21 0 251 0 18 0 245 255 251 255 251 255 128379565
18 0 215 0 236 255 250 255 252 255 250 255 128547497
216 255 113 0 4 0 253 255 252 255 251 255 128572067
238 255 74 0 10 0 0 0 253 255 251 255 128798887
18 0 50 0 254 255 5 0 253 255 251 255 128799533
18 0 30 0 185 255 9 0 254 255 250 255 128858815
122 0 237 255 191 255 13 0 253 255 250 255 129051171
94 0 221 255 3 0 18 0 252 255 251 255 129054048
29 0 226 255 238 255 23 0 253 255 251 255 129298984
125 0 220 255 254 255 28 0 252 255 251 255 129300141
97 0 188 255 0 0 33 0 251 255 251 255 129338112
37 0 210 255 229 255 38 0 251 255 252 255 129550951
30 0 252 255 191 255 43 0 251 255 252 255 129551573
19 0 247 255 186 255 47 0 250 255 252 255 129628910
28 0 156 255 190 255 52 0 250 255 252 255 129795927
74 0 104 255 204 255 57 0 249 255 252 255 129817378
104 0 97 255 239 255 61 0 249 255 253 255 130045214
175 0 137 255 222 255 65 0 248 255 252 255 130045745
231 0 170 255 210 255 69 0 248 255 252 255 130104024
246 0 191 255 243 255 73 0 247 255 251 255 130346257
6 1 226 255 223 255 76 0 247 255 251 255 130346881
237 0 233 255 237 255 78 0 247 255 251 255 130394892
216 0 191 255 38 0 80 0 247 255 251 255 130489127
224 0 152 255 252 255 81 0 247 255 252 255 130583364
221 0 127 255 45 0 83 0 247 255 252 255 130814016
146 0 109 255 12 0 86 0 247 255 254 255 130874261
133 0 150 255 252 255 87 0 248 255 254 255 131062933
177 0 210 255 225 255 89 0 248 255 254 255 131066659
157 0 26 0 237 255 93 0 248 255 253 255 131311815
115 0 239 255 23 0 96 0 249 255 254 255 131312429
34 0 179 255 39 0 100 0 250 255 254 255 131353382
239 255 97 255 69 0 105 0 251 255 255 255 131556558
230 255 56 255 34 0 109 0 251 255 0 0 131557022
199 255 26 255 214 255 113 0 251 255 0 0 131640220
181 255 255 254 128 255 118 0 253 255 0 0 131808002
205 255 250 254 142 255 123 0 253 255 0 0 131832737
0 0 235 254 189 255 127 0 253 255 0 0 132058310
27 0 230 254 186 255 133 0 253 255 0 0 132058966
58 0 251 254 181 255 138 0 253 255 0 0 132119518
91 0 13 255 197 255 144 0 254 255 0 0 132308803
176 0 17 255 220 255 149 0 253 255 0 0 132309454
216 0 24 255 206 255 155 0 252 255 1 0 132555683
247 0 66 255 220 255 160 0 251 255 0 0 132556389
0 1 134 255 238 255 166 0 251 255 0 0 132598671
24 1 185 255 27 0 171 0 250 255 0 0 132806269
36 1 181 255 36 0 175 0 249 255 0 0 132807060
78 1 135 255 18 0 180 0 249 255 0 0 132889514
154 1 74 255 9 0 184 0 248 255 0 0 133055055
186 1 44 255 15 0 188 0 248 255 0 0 133077956
253 1 60 255 16 0 192 0 248 255 0 0 133307781
4 2 73 255 19 0 196 0 247 255 0 0 133308432
225 1 67 255 30 0 200 0 247 255 255 255 133364719
0 2 64 255 247 255 203 0 247 255 255 255 133553604
9 2 88 255 220 255 208 0 247 255 254 255 133557250
53 2 64 255 251 255 211 0 247 255 254 255 133801538
53 2 95 255 18 0 215 0 246 255 253 255 133802050
249 1 159 255 49 0 220 0 246 255 253 255 133848110
225 1 169 255 19 0 224 0 246 255 253 255 134103989
212 1 197 255 39 0 229 0 246 255 252 255 134104663
229 1 224 255 254 255 233 0 246 255 252 255 134130729
5 2 9 0 217 255 237 0 246 255 252 255 134347583
255 1 84 0 2 0 241 0 245 255 252 255 134348120
180 1 87 0 45 0 245 0 245 255 252 255 134584858
172 1 76 0 44 0 248 0 245 255 252 255 134585422
190 1 74 0 61 0 252 0 245 255 252 255 134610000
3 2 19 0 15 0 255 0 245 255 253 255 134821115
63 2 244 255 245 255 3 1 245 255 253 255 134821987
122 2 255 255 13 0 5 1 245 255 254 255 135058934
152 2 0 0 100 0 8 1 245 255 255 255 135059944
70 2 237 255 93 0 11 1 245 255 0 0 135093373
250 1 211 255 218 255 13 1 246 255 0 0 135308759
203 1 42 0 16 0 16 1 246 255 0 0 135309423
200 1 107 0 49 0 17 1 245 255 0 0 135380043
163 1 36 0 250 255 19 1 245 255 0 0 135560577
114 1 17 0 231 255 20 1 245 255 0 0 135572611
100 1 244 255 27 0 21 1 245 255 0 0 135856145
18 1 29 0 236 255 22 1 245 255 0 0 135856632
9 1 229 255 46 0 23 1 246 255 0 0 135859305
96 1 150 255 28 0 22 1 245 255 0 0 136098195
93 1 157 255 215 255 22 1 245 255 0 0 136098760
213 1 148 255 238 255 21 1 245 255 0 0 136146077
6 2 142 255 35 0 20 1 245 255 0 0 136339115
253 1 114 255 30 0 19 1 245 255 0 0 136339704
248 1 134 255 40 0 16 1 245 255 0 0 136581761
253 1 175 255 11 0 14 1 245 255 0 0 136582417
176 1 255 255 212 255 12 1 246 255 0 0 136625369
171 1 88 0 255 255 9 1 246 255 0 0 136821303
78 1 105 0 18 0 6 1 246 255 0 0 136821985
238 0 158 0 1 0 3 1 247 255 255 255 137113416
1 1 9 1 229 255 0 1 247 255 255 255 137114092
55 1 12 1 18 0 252 0 247 255 255 255 137114708
97 1 221 0 8 0 249 0 247 255 255 255 137355787
120 1 206 0 36 0 247 0 247 255 0 0 137356852
98 1 194 0 31 0 244 0 248 255 0 0 137391401
242 0 197 0 47 0 242 0 249 255 255 255 137594888
125 0 199 0 1 0 239 0 251 255 255 255 137595388
110 0 129 0 53 0 236 0 252 255 254 255 137832742
131 0 95 0 253 255 233 0 252 255 254 255 137833346
55 0 90 0 206 255 230 0 253 255 254 255 137874666
91 0 72 0 238 255 227 0 253 255 254 255 138079300
65 0 78 0 254 255 223 0 251 255 254 255 138080820
85 0 40 0 5 0 219 0 252 255 254 255 138161447
178 0 11 0 30 0 216 0 250 255 255 255 138324133
203 0 234 255 242 255 212 0 250 255 255 255 138349868
251 0 192 255 224 255 208 0 250 255 0 0 138579279
42 1 200 255 233 255 204 0 250 255 0 0 138580177
225 0 247 255 235 255 199 0 250 255 0 0 138640657
221 0 38 0 36 0 195 0 250 255 255 255 138830830
96 0 58 0 7 0 191 0 251 255 0 0 138833239
143 0 84 0 216 255 186 0 252 255 255 255 139079949
183 0 174 0 11 0 183 0 251 255 254 255 139080692
122 0 175 0 245 255 179 0 251 255 254 255 139120008
126 0 224 0 17 0 175 0 250 255 254 255 139377491
111 0 246 0 114 0 171 0 251 255 254 255 139377898
133 0 44 1 232 255 167 0 250 255 253 255 139406691
235 0 60 1 238 255 163 0 250 255 253 255 139618706
20 1 63 1 24 0 159 0 250 255 253 255 139619246
34 1 242 0 204 255 155 0 250 255 254 255 139858219
116 1 210 0 195 255 152 0 250 255 254 255 139858760
72 1 193 0 27 0 149 0 250 255 254 255 139885977
10 1 183 0 72 0 147 0 250 255 255 255 140098442
225 0 191 0 5 0 145 0 251 255 255 255 140099344
111 0 203 0 211 255 144 0 251 255 254 255 140337163
26 0 173 0 229 255 142 0 252 255 254 255 140337874
49 0 116 0 197 255 140 0 252 255 255 255 140365268
57 0 45 0 170 255 140 0 251 255 0 0 140574313
224 255 32 0 230 255 139 0 251 255 0 0 140574979
10 0 94 0 243 255 138 0 252 255 255 255 140651956
44 0 128 0 8 0 138 0 251 255 255 255 140830659
110 0 100 0 204 255 137 0 252 255 255 255 140844498
209 0 99 0 196 255 137 0 251 255 254 255 141072976
206 0 90 0 10 0 137 0 251 255 254 255 141073580
153 0 105 0 112 0 136 0 251 255 254 255 141131232
115 0 101 0 152 0 136 0 252 255 254 255 141317613
101 0 89 0 229 255 135 0 252 255 255 255 141327856
2 0 62 0 0 0 135 0 252 255 255 255 141568200
207 255 95 0 41 0 134 0 252 255 254 255 141568882
159 255 74 0 241 255 134 0 253 255 255 255 141610537
43 0 95 0 232 255 133 0 252 255 255 255 141925347
100 0 96 0 14 0 133 0 252 255 255 255 141926374
174 0 92 0 171 255 133 0 253 255 255 255 141927226
234 0 142 0 167 255 134 0 253 255 255 255 142098228
186 0 164 0 190 255 134 0 252 255 255 255 142099114
88 0 162 0 24 0 135 0 252 255 255 255 142339451
207 255 154 0 233 255 135 0 252 255 254 255 142340178
175 255 127 0 22 0 135 0 253 255 254 255 142380609
244 255 63 0 235 255 135 0 252 255 255 255 142576205
19 0 50 0 245 255 136 0 251 255 255 255 142576640
23 0 10 0 254 255 136 0 250 255 255 255 142819873
88 0 207 255 80 0 136 0 250 255 0 0 142820686
74 0 188 255 224 255 136 0 250 255 0 0 142859908
76 0 217 255 151 255 137 0 251 255 255 255 143069572
153 0 193 255 178 255 137 0 251 255 255 255 143071059
232 0 249 255 178 255 137 0 250 255 255 255 143146568
18 1 29 0 226 255 137 0 250 255 255 255 143314955
217 0 114 0 140 0 136 0 250 255 254 255 143339127
166 0 48 0 207 0 135 0 251 255 254 255 143558522
92 0 24 0 241 255 135 0 252 255 255 255 143559157
70 0 71 0 60 0 134 0 252 255 255 255 143625881
15 0 83 0 204 255 134 0 253 255 254 255 143810504
189 255 134 0 109 255 134 0 253 255 254 255 143818341
98 255 187 0 227 255 134 0 254 255 254 255 144059488
139 255 135 0 222 255 134 0 254 255 254 255 144060298
179 255 145 0 238 255 134 0 253 255 254 255 144105186
31 0 210 0 235 255 133 0 254 255 254 255 144311669
123 0 3 1 227 255 133 0 253 255 254 255 144312264
141 0 240 0 195 255 133 0 253 255 254 255 144391915
223 0 174 0 204 255 133 0 253 255 255 255 144557377
224 0 128 0 1 255 133 0 252 255 255 255 144584389
177 0 141 0 86 0 134 0 252 255 255 255 144807912
168 0 148 0 32 0 135 0 253 255 255 255 144809030
69 0 109 0 179 255 136 0 253 255 255 255 144875272
44 0 64 0 110 255 137 0 253 255 255 255 145106718
222 255 34 0 190 255 138 0 253 255 255 255 145107260
166 255 20 0 226 255 138 0 253 255 255 255 145336345
196 255 29 0 24 0 138 0 254 255 255 255 145336967
20 0 58 0 13 0 137 0 254 255 255 255 145350429
228 0 64 0 197 255 137 0 253 255 255 255 145522088
8 1 52 0 231 255 137 0 252 255 254 255 145542901
185 0 218 255 72 0 136 0 251 255 255 255 145641246
91 0 210 255 65 0 136 0 253 255 255 255 145841438
11 0 152 0 114 0 137 0 253 255 253 255 145841959
93 255 177 0 215 255 137 0 254 255 253 255 146084413
139 255 85 0 155 255 137 0 254 255 253 255 146085424
206 255 28 0 208 255 136 0 253 255 254 255 146120487
233 255 37 0 189 255 135 0 252 255 254 255 146319870
7 0 91 0 202 255 136 0 252 255 254 255 146320427
246 255 80 0 239 255 136 0 252 255 254 255 146557954
253 255 37 0 49 0 136 0 252 255 255 255 146558596
30 0 44 0 118 0 136 0 252 255 0 0 146599683
50 0 243 255 12 0 136 0 252 255 0 0 146806105
230 255 239 255 254 255 136 0 252 255 0 0 146806727
220 255 202 255 185 255 136 0 252 255 0 0 146886502
179 255 205 255 165 255 137 0 253 255 0 0 147106138
150 255 205 255 160 255 137 0 253 255 0 0 147106472
241 255 187 255 166 255 136 0 252 255 0 0 147243308
78 0 216 255 172 255 136 0 251 255 0 0 147271530
134 0 206 255 211 255 136 0 251 255 0 0 147365746
207 0 222 255 178 255 136 0 250 255 0 0 147560648
136 0 9 0 223 255 136 0 250 255 0 0 147561358
135 0 25 0 91 0 135 0 251 255 0 0 147800417
129 0 43 0 193 0 134 0 251 255 255 255 147800938
254 255 57 0 23 0 133 0 251 255 255 255 147844984
227 255 120 0 216 255 133 0 252 255 254 255 148054631
224 255 194 0 154 255 132 0 252 255 253 255 148056014
236 255 169 0 211 255 131 0 252 255 253 255 148135806
250 255 157 0 231 255 130 0 251 255 254 255 148301043
45 0 198 0 175 255 130 0 251 255 254 255 148324281
111 0 1 1 248 255 130 0 251 255 253 255 148548095
171 0 214 0 48 0 129 0 250 255 253 255 148548490
185 0 141 0 64 0 129 0 250 255 254 255 148615083
111 0 78 0 57 0 129 0 251 255 254 255 148793920
102 0 106 0 240 255 129 0 252 255 255 255 148803549
75 0 145 0 25 0 130 0 252 255 254 255 149043587
245 255 123 0 240 255 131 0 252 255 253 255 149044144
196 255 20 0 184 255 131 0 252 255 254 255 149090258
166 255 212 255 208 255 131 0 251 255 255 255 149293652
225 255 242 255 210 255 131 0 251 255 255 255 149294559
222 255 22 0 208 255 130 0 250 255 255 255 149381093
2 0 23 0 211 255 129 0 250 255 255 255 149533912
70 0 251 255 226 255 128 0 249 255 0 0 149573630
23 0 2 0 203 255 126 0 249 255 0 0 149780709
210 255 51 0 213 255 124 0 250 255 255 255 149781250
37 0 57 0 59 0 121 0 251 255 254 255 149860404
49 0 62 0 41 0 119 0 250 255 255 255 150031493
234 255 107 0 33 0 115 0 251 255 255 255 150052911
192 255 137 0 0 0 113 0 252 255 254 255 150282519
157 255 127 0 204 255 109 0 252 255 254 255 150282999
167 255 135 0 150 255 105 0 252 255 255 255 150335496
199 255 200 0 160 255 101 0 252 255 254 255 150585554
41 0 5 1 219 255 98 0 250 255 254 255 150586004
118 0 221 0 19 0 95 0 249 255 254 255 150626426
127 0 198 0 221 255 93 0 249 255 255 255 150825049
175 0 1 1 241 255 91 0 248 255 255 255 150825718
189 0 239 0 27 0 88 0 248 255 255 255 151063222
71 0 203 0 41 0 86 0 248 255 255 255 151063890
15 0 199 0 49 0 83 0 249 255 255 255 151105575
24 0 208 0 57 0 80 0 249 255 255 255 151356225
192 255 206 0 203 255 76 0 250 255 255 255 151356646
253 255 213 0 214 255 73 0 250 255 255 255 151541749
147 255 232 0 207 255 70 0 250 255 254 255 151542092
68 255 12 1 186 255 67 0 251 255 254 255 151584839
105 255 63 1 254 255 63 0 251 255 254 255 151790935
138 255 64 1 240 255 59 0 250 255 254 255 151791514
123 255 56 1 10 0 55 0 250 255 253 255 151871646
184 255 239 0 218 255 50 0 251 255 254 255 152042046
12 0 152 0 220 255 45 0 251 255 254 255 152064192
51 0 112 0 205 255 40 0 251 255 255 255 152293757
84 0 157 0 214 255 35 0 251 255 254 255 152294358
121 0 225 0 26 0 29 0 251 255 254 255 152355022
137 0 69 1 251 255 24 0 250 255 253 255 152543861
59 0 133 1 35 0 18 0 250 255 252 255 152544382
13 0 129 1 51 0 13 0 250 255 251 255 152791880
253 255 156 1 231 255 7 0 250 255 251 255 152792457
18 0 219 1 194 255 2 0 250 255 250 255 152830161
35 0 13 2 231 255 253 255 249 255 250 255 153042577
242 255 57 2 46 0 247 255 249 255 249 255 153043096
230 255 115 2 52 0 242 255 249 255 249 255 153120993
45 0 105 2 10 0 236 255 250 255 249 255 153288406
155 0 151 2 242 255 231 255 250 255 248 255 153313528
2 1 71 2 213 255 226 255 249 255 249 255 153541326
39 1 20 2 255 255 223 255 249 255 249 255 153542159
109 1 4 2 11 0 221 255 248 255 249 255 153596129
204 0 224 1 30 0 219 255 248 255 249 255 153822441
148 0 179 1 36 0 217 255 250 255 250 255 153823014
134 0 116 1 243 255 217 255 249 255 250 255 154050864
146 0 29 1 27 0 216 255 249 255 251 255 154051307
111 0 9 1 243 255 215 255 249 255 252 255 154079522
109 0 225 0 195 255 215 255 249 255 252 255 154291006
167 0 242 0 218 255 214 255 249 255 252 255 154291550
148 0 248 0 250 255 213 255 249 255 252 255 154366309
8 1 11 1 198 255 212 255 249 255 252 255 154482947
41 1 79 1 180 255 211 255 248 255 252 255 154558790
19 1 132 1 208 255 211 255 248 255 251 255 154797376
8 1 134 1 98 0 210 255 248 255 251 255 154797843
9 1 55 1 109 0 209 255 248 255 252 255 154845478
22 1 251 0 10 0 208 255 247 255 253 255 155037726
209 0 180 0 71 0 209 255 247 255 253 255 155038228
96 0 137 0 82 0 209 255 248 255 254 255 155274233
23 0 140 0 7 0 210 255 249 255 255 255 155274936
21 0 207 0 138 255 209 255 249 255 255 255 155324791
173 0 221 0 157 255 209 255 247 255 255 255 155527991
243 0 1 1 240 255 209 255 246 255 254 255 155528521
183 0 68 1 53 0 210 255 246 255 253 255 155611528
167 0 139 1 227 255 211 255 247 255 253 255 155776645
160 0 163 1 5 0 211 255 246 255 252 255 155804068
92 0 66 1 12 0 211 255 247 255 253 255 156025928
106 0 200 0 198 255 211 255 248 255 254 255 156026366
70 0 183 0 142 255 212 255 249 255 254 255 156094834
16 0 168 0 159 255 213 255 248 255 255 255 156327472
8 0 109 0 37 0 212 255 248 255 255 255 156328555
251 255 114 0 54 0 213 255 248 255 255 255 156566586
23 0 142 0 1 0 214 255 249 255 255 255 156567235
37 0 116 0 33 0 215 255 249 255 255 255 156570033
80 0 83 0 173 255 215 255 249 255 255 255 156809410
118 0 95 0 218 255 214 255 250 255 255 255 156810030
147 0 78 0 6 0 213 255 250 255 255 255 156860863
163 0 66 0 1 0 213 255 250 255 255 255 157044723
108 0 95 0 3 0 212 255 250 255 255 255 157049269
223 255 107 0 43 0 211 255 252 255 254 255 157283562
159 255 117 0 87 0 209 255 253 255 254 255 157284083
217 255 210 0 10 0 208 255 253 255 253 255 157340131
234 255 18 1 171 255 207 255 252 255 252 255 157484355
23 0 112 1 146 255 205 255 251 255 252 255 157532714
69 0 157 1 248 255 204 255 250 255 251 255 157791086
94 0 187 1 4 0 203 255 250 255 250 255 157791829
82 0 195 1 242 255 202 255 249 255 250 255 157819400
112 0 169 1 219 255 201 255 249 255 250 255 157981865
47 0 186 1 254 255 200 255 249 255 249 255 158011890
11 0 198 1 59 0 198 255 249 255 249 255 158106141
104 0 189 1 12 0 197 255 249 255 249 255 158298260
96 0 222 1 254 255 196 255 249 255 248 255 158298830
149 0 225 1 248 255 195 255 248 255 248 255 158535843
220 0 169 1 245 255 195 255 248 255 249 255 158536423
184 0 121 1 190 255 194 255 248 255 250 255 158585368
199 0 2 1 20 0 194 255 247 255 250 255 158784093
147 0 10 1 33 0 195 255 249 255 251 255 158784639
79 0 230 0 213 255 195 255 249 255 252 255 159035596
205 0 125 0 156 255 196 255 248 255 253 255 159064707
190 0 142 0 169 255 196 255 247 255 254 255 159284851
174 0 153 0 177 255 196 255 247 255 254 255 159285454
165 0 191 0 98 255 195 255 246 255 254 255 159351391
164 0 8 1 16 255 194 255 245 255 253 255 159534658
214 255 219 1 28 255 194 255 249 255 250 255 159543932
13 0 96 1 5 0 193 255 251 255 251 255 159736498
9 0 255 0 190 255 193 255 249 255 252 255 159830674
55 255 245 0 108 255 194 255 252 255 252 255 160047838
47 254 27 1 99 255 196 255 0 0 251 255 160048273
109 254 26 1 205 255 197 255 1 0 249 255 160121528
37 255 137 0 209 255 197 255 1 0 249 255 160285618
99 255 110 0 247 255 196 255 1 0 249 255 160309956
133 254 184 0 219 255 196 255 4 0 248 255 160528634
90 254 60 1 140 255 194 255 5 0 248 255 160529030
129 253 105 1 193 255 193 255 9 0 248 255 160600729
199 253 77 1 207 255 193 255 10 0 248 255 160781022
14 254 181 1 207 255 192 255 10 0 250 255 160789303
161 253 22 0 32 0 189 255 13 0 251 255 161037140
215 253 155 255 91 255 186 255 15 0 254 255 161038152
165 254 255 255 58 254 185 255 13 0 255 255 161080087
27 0 1 1 67 255 186 255 9 0 253 255 161284054
151 0 15 1 28 0 187 255 8 0 251 255 161284831
170 255 181 0 35 0 188 255 10 0 251 255 161366790
210 255 250 255 138 255 188 255 11 0 253 255 161530792
170 0 176 255 56 255 189 255 7 0 255 255 161559334
88 0 95 0 61 0 191 255 5 0 255 255 161778815
239 255 38 0 241 0 193 255 6 0 255 255 161779509
233 0 36 0 155 0 194 255 4 0 255 255 161846049
255 0 242 0 126 0 194 255 0 0 254 255 162030011
247 0 96 1 147 0 193 255 0 0 253 255 162038539
153 0 245 0 215 0 194 255 0 0 253 255 162280224
220 255 79 0 120 0 196 255 2 0 255 255 162280741
246 0 218 255 197 255 199 255 0 0 0 0 162325300
56 0 83 0 48 0 203 255 252 255 0 0 162526003
208 255 89 0 19 1 202 255 251 255 0 0 162612059
90 0 246 255 111 0 200 255 250 255 2 0 162776907
91 0 155 0 145 255 199 255 251 255 1 0 162804560
21 1 251 0 55 255 199 255 250 255 0 0 163029524
125 1 155 1 27 255 200 255 248 255 253 255 163030014
176 0 132 2 137 0 201 255 248 255 248 255 163095348
27 1 169 1 161 1 200 255 245 255 249 255 163285530
0 0 129 1 44 0 200 255 247 255 249 255 163287183
146 255 91 2 26 0 197 255 251 255 245 255 163378095
82 1 102 1 15 0 196 255 248 255 245 255 163476329
179 1 249 0 57 0 196 255 246 255 246 255 163574679
223 0 58 1 182 255 197 255 247 255 246 255 163815228
199 255 205 1 129 255 197 255 249 255 243 255 163815841
103 1 42 1 77 1 196 255 248 255 241 255 163861392
212 0 117 1 233 0 197 255 248 255 240 255 164000228
99 0 153 1 91 0 198 255 249 255 241 255 164053855
251 255 50 1 76 0 196 255 250 255 242 255 164311090
148 255 5 1 243 255 194 255 252 255 243 255 164311645
31 255 196 0 125 255 192 255 255 255 243 255 164336568
172 255 154 0 123 255 192 255 255 255 245 255 164556459
207 255 196 255 94 255 192 255 255 255 248 255 164557027
241 255 118 255 76 255 192 255 255 255 252 255 164627318
252 255 177 255 122 255 193 255 255 255 253 255 164797854
221 255 205 255 178 255 194 255 255 255 254 255 164815826
255 255 176 255 180 255 195 255 255 255 254 255 165047583
14 0 213 255 179 255 195 255 255 255 255 255 165048553
15 0 8 0 194 255 195 255 255 255 255 255 165106673
50 0 107 0 219 255 197 255 255 255 255 255 165290979
228 1 84 0 68 0 199 255 247 255 1 0 165537292
5 2 136 0 229 255 199 255 244 255 1 0 165537687
141 1 100 0 181 255 197 255 244 255 1 0 165585948
195 0 76 0 49 0 195 255 244 255 0 0 165739392
222 0 86 1 72 0 197 255 243 255 0 0 165872697
46 1 146 2 252 255 195 255 242 255 255 255 166049431
78 1 6 2 178 255 190 255 243 255 255 255 166065338
58 1 223 0 22 255 186 255 244 255 0 0 166295110
50 1 174 255 152 254 185 255 245 255 1 0 166295870
213 1 124 255 157 254 184 255 243 255 0 0 166351933
110 2 59 255 247 255 183 255 238 255 0 0 166541817
233 2 144 255 138 0 184 255 234 255 254 255 166544477
4 2 161 254 146 1 187 255 235 255 255 255 166790546
132 0 115 254 74 0 191 255 238 255 0 0 166791109
198 253 223 254 246 255 193 255 248 255 0 0 166831342
61 253 38 255 79 0 191 255 255 255 0 0 167040972
70 254 98 255 69 0 191 255 255 255 1 0 167041555
132 254 166 255 17 0 191 255 255 255 1 0 167117944
13 255 213 255 7 0 191 255 255 255 1 0 167291464
103 255 241 255 249 255 191 255 255 255 1 0 167314548
160 255 0 0 242 255 191 255 255 255 1 0 167590448
191 255 5 0 246 255 191 255 255 255 1 0 167591276
215 255 8 0 249 255 191 255 255 255 1 0 167601281
238 255 15 0 0 0 191 255 255 255 1 0 167830350
241 255 12 0 0 0 191 255 255 255 1 0 167830990
246 255 19 0 248 255 191 255 255 255 1 0 167888040
248 255 14 0 245 255 191 255 255 255 1 0 168076428
250 255 12 0 0 255 191 255 255 255 1 0 168077743
247 255 13 0 247 255 191 255 255 255 1 0 168966166
0 0 24 0 240 255 191 255 255 255 1 0 168966927
253 255 22 0 249 255 191 255 255 255 1 0 168967390
9 0 24 0 247 255 191 255 255 255 1 0 169038506
8 0 20 0 238 255 191 255 255 255 1 0 169131579
1 0 25 0 243 255 191 255 255 255 1 0 169134945
3 0 22 0 239 255 191 255 255 255 1 0 169254696
0 0 21 0 240 255 191 255 255 255 1 0 169325867
254 255 18 0 246 255 191 255 255 255 1 0 169482441
251 255 18 0 246 255 191 255 255 255 1 0 169518386
253 255 27 0 238 255 191 255 255 255 1 0 169612652
252 255 19 0 251 255 191 255 255 255 1 0 169775884
7 0 27 0 229 255 191 255 255 255 1 0 169805104
254 255 21 0 244 255 191 255 255 255 1 0 169899319
254 255 16 0 253 255 191 255 255 255 1 0 169999258
249 255 13 0 4 0 191 255 255 255 1 0 170091814
3 0 13 0 7 0 191 255 255 255 1 0 170241584
2 0 14 0 252 255 191 255 255 255 1 0 170284322
253 255 16 0 253 255 191 255 255 255 1 0 170378603
251 255 14 0 255 255 191 255 255 255 1 0 170479793
1 0 17 0 244 255 191 255 255 255 1 0 170571126
254 255 21 0 245 255 191 255 255 255 1 0 170753450
254 255 22 0 239 255 191 255 255 255 1 0 170763611
255 255 23 0 243 255 191 255 255 255 1 0 170861931
4 0 23 0 237 255 191 255 255 255 1 0 170995262
7 0 18 0 243 255 191 255 255 255 1 0 171050413
4 0 12 0 246 255 191 255 255 255 1 0 171144559
3 0 18 0 243 255 191 255 255 255 1 0 171252133
1 0 14 0 246 255 191 255 255 255 1 0 171337088
0 0 15 0 248 255 191 255 255 255 1 0 171495778
1 0 13 0 253 255 191 255 255 255 1 0 171529678
0 0 16 0 250 255 191 255 255 255 1 0 171623883
1 0 13 0 245 255 191 255 255 255 1 0 171743885
5 0 19 0 241 255 191 255 255 255 1 0 171820419
5 0 18 0 237 255 191 255 255 255 1 0 171981570
6 0 21 0 237 255 191 255 255 255 1 0 172008861
5 0 21 0 241 255 191 255 255 255 1 0 172107217
255 255 26 0 246 255 191 255 255 255 1 0 172295594
1 0 20 0 250 255 191 255 255 255 1 0 172393891
255 255 17 0 0 0 191 255 255 255 1 0 172502285
255 255 5 0 12 0 191 255 255 255 1 0 172696541
1 0 6 0 2 0 191 255 255 255 1 0 172774882
2 0 10 0 0 0 191 255 255 255 1 0 172873215
1 0 15 0 249 255 191 255 255 255 1 0 172993993
3 0 19 0 227 255 191 255 255 255 1 0 173065703
3 0 18 0 226 255 191 255 255 255 1 0 173232780
2 0 21 0 222 255 191 255 255 255 1 0 173258266
1 0 10 0 233 255 191 255 255 255 1 0 173352429
5 0 10 0 254 255 191 255 255 255 1 0 173481455
2 0 12 0 247 255 191 255 255 255 1 0 173545033
0 0 20 0 238 255 191 255 255 255 1 0 173643257
1 0 22 0 232 255 191 255 255 255 1 0 173733507
2 0 24 0 244 255 191 255 255 255 1 0 173831702
255 255 25 0 232 255 191 255 255 255 1 0 173961205
0 0 25 0 241 255 191 255 255 255 1 0 174024275
0 0 13 0 0 0 191 255 255 255 1 0 174118479
1 0 15 0 243 255 191 255 255 255 1 0 174252382
251 255 19 0 248 255 191 255 255 255 1 0 174310995
251 255 13 0 254 255 191 255 255 255 1 0 174442864
1 0 18 0 9 0 191 255 255 255 1 0 174503512
0 0 20 0 6 0 191 255 255 255 1 0 174601854
251 255 13 0 10 0 191 255 255 255 1 0 174714380
1 0 12 0 242 255 191 255 255 255 1 0 174884489
1 0 9 0 240 255 191 255 255 255 1 0 174982721
0 0 11 0 0 0 191 255 255 255 1 0 175077002
4 0 8 0 3 0 191 255 255 255 1 0 175269474
1 0 15 0 237 255 191 255 255 255 1 0 175363672
255 255 6 0 248 255 191 255 255 255 1 0 175461972
252 255 6 0 253 255 191 255 255 255 1 0 175560274
252 255 6 0 251 255 191 255 255 255 1 0 175674718
255 255 10 0 253 255 191 255 255 255 1 0 175752805
3 0 7 0 253 255 191 255 255 255 1 0 175847054
3 0 10 0 248 255 191 255 255 255 1 0 175941246
5 0 10 0 245 255 191 255 255 255 1 0 176039537
1 0 6 0 254 255 191 255 255 255 1 0 176159165
2 0 11 0 248 255 191 255 255 255 1 0 176227980
0 0 13 0 240 255 191 255 255 255 1 0 176326397
2 0 10 0 243 255 191 255 255 255 1 0 176420517
