0 19 2 72 21 41 0 11 0 3 0 4 1046375
255 246 2 78 23 95 0 10 0 3 0 2 1133058
255 187 2 130 24 234 0 12 0 3 0 4 1227196
255 164 2 112 25 253 0 10 0 2 0 5 1325398
255 89 2 210 26 157 0 12 0 0 0 4 1419715
255 87 2 172 26 240 0 11 0 3 0 3 1535290
255 105 2 176 27 6 0 10 255 254 0 3 1612183
255 127 2 134 27 67 0 15 0 2 0 6 1757640
255 146 2 162 27 121 0 10 0 2 0 5 1804799
255 63 2 82 27 173 0 8 0 3 0 1 1899010
255 69 2 61 27 173 0 14 255 253 0 2 1993233
255 94 2 60 27 174 0 8 0 2 0 1 2091589
255 94 1 215 27 202 0 12 255 254 0 1 2189126
255 65 1 240 27 213 0 10 255 248 0 1 2284071
255 183 1 238 27 176 0 14 0 0 255 254 2388967
255 221 2 24 27 133 0 14 0 0 255 252 2472479
255 237 2 41 27 136 0 15 0 2 255 250 2585535
0 237 2 88 27 184 0 10 0 4 255 246 2664969
255 218 2 57 27 217 0 11 255 252 255 248 2804074
255 188 2 33 27 175 0 11 0 1 255 246 2857484
0 18 1 174 27 187 0 17 255 252 255 246 2955910
0 79 1 176 27 51 0 12 0 1 255 243 3050018
0 34 2 51 27 10 0 15 255 254 255 245 3148289
0 109 2 101 27 87 0 10 0 3 255 243 3242509
255 252 2 4 27 215 0 7 0 10 255 243 3336865
255 116 1 207 28 9 0 14 255 251 255 243 3437906
255 159 1 195 27 243 0 10 255 254 255 241 3529370
255 200 1 152 27 182 0 15 0 2 255 244 3668347
255 210 1 191 27 193 0 10 0 2 255 244 3721794
255 155 1 210 27 226 0 16 0 1 255 244 3866964
255 135 1 227 27 205 0 10 0 4 255 245 3914380
255 65 1 236 27 220 0 12 0 4 255 246 4008766
255 52 1 241 27 191 0 11 0 0 255 248 4102734
255 110 1 237 27 174 0 11 255 252 255 252 4201010
255 65 1 52 27 174 0 14 255 255 255 249 4295277
255 34 1 43 27 150 0 18 255 249 255 247 4393586
255 123 1 63 27 90 0 15 255 246 255 247 4503227
255 123 1 105 27 91 0 7 0 1 255 241 4582164
255 233 1 28 27 85 0 9 255 253 255 243 4734499
0 20 1 52 27 79 0 9 255 253 255 242 4774570
0 108 1 44 27 63 0 7 0 0 255 243 4872769
0 254 1 1 27 63 0 8 255 255 255 242 4967011
1 53 0 232 27 63 0 11 0 1 255 243 5065460
1 118 1 37 27 150 0 17 0 0 255 248 5159499
1 121 1 51 27 186 0 8 0 6 255 243 5253902
1 94 1 6 27 171 0 12 0 2 255 243 5371604
1 80 0 195 27 152 0 10 255 255 255 248 5585983
1 96 0 227 27 148 0 8 0 6 255 247 5638873
1 9 0 206 27 148 0 12 0 1 255 248 5733180
0 224 0 196 27 182 0 10 0 6 255 245 5831344
0 157 0 104 27 238 0 10 0 4 255 248 5925643
0 127 0 26 27 218 0 14 255 253 255 247 6023834
0 207 0 6 27 242 0 11 0 2 255 243 6118185
0 217 0 15 27 187 0 10 0 0 255 240 6247387
0 224 0 44 27 227 0 9 0 2 255 240 6310609
0 233 255 209 27 209 0 12 0 3 255 242 6454735
0 221 255 142 28 74 0 12 0 1 255 240 6503095
0 90 255 133 28 57 0 10 255 254 255 238 6597409
0 150 255 237 27 210 0 12 0 0 255 234 6691705
0 225 255 237 27 145 0 12 0 2 255 236 6789971
0 206 255 216 27 146 0 15 0 2 255 235 6884112
0 199 0 0 27 199 0 10 0 0 255 235 6982565
0 198 255 238 28 26 0 15 0 0 255 233 7098029
0 108 0 121 28 87 0 14 0 0 255 236 7170859
0 81 0 111 28 46 0 12 255 250 255 233 7307084
0 114 0 127 27 210 0 11 255 252 255 233 7363492
0 194 0 121 27 86 0 11 255 251 255 233 7461760
1 59 0 170 27 40 0 11 0 4 255 230 7555840
1 41 0 197 27 120 0 8 0 1 255 230 7654319
1 40 0 155 27 134 0 10 0 0 255 234 7748375
1 42 0 92 27 111 0 12 0 0 255 232 7842696
1 111 0 79 27 148 0 10 0 1 255 232 7952154
1 71 0 170 27 150 0 8 0 2 255 232 8035306
1 104 0 139 27 120 0 11 0 2 255 236 8168054
1 136 0 175 27 103 0 11 0 6 255 236 8227702
1 92 0 144 27 116 0 10 0 2 255 241 8391842
1 145 0 123 27 168 0 10 0 3 255 240 8420239
1 165 0 159 27 202 0 11 0 3 255 244 8514484
1 234 0 136 27 156 0 14 0 4 255 248 8613443
1 195 0 155 27 176 0 14 0 4 255 250 8706913
1 167 0 125 27 199 0 12 0 2 255 251 8806425
0 249 0 224 28 17 0 9 255 251 0 6 8899585
1 37 0 121 28 64 0 16 0 0 255 254 9028118
1 107 0 144 27 148 0 8 255 253 255 253 9092010
1 211 0 116 27 39 0 10 255 253 255 255 9239091
1 122 0 32 27 39 0 7 0 7 255 252 9280420
1 48 0 46 27 229 0 10 255 255 255 255 9378820
1 87 0 55 27 255 0 12 0 3 255 252 9472994
1 0 0 44 28 39 0 8 255 254 255 248 9571344
1 94 255 161 27 221 0 15 0 1 255 244 9667851
1 50 255 242 27 197 0 11 0 1 255 242 9763856
1 10 255 209 28 55 0 14 255 252 255 237 9890250
0 158 0 112 28 75 0 16 0 10 255 238 9952264
0 84 0 49 28 30 0 18 255 251 255 242 10097116
0 167 0 101 27 151 0 21 0 0 255 244 10144745
0 212 0 204 27 12 0 16 255 251 255 250 10243160
1 146 0 185 27 50 0 14 0 8 255 247 10337428
1 121 0 238 27 112 0 10 0 2 255 249 10431617
1 155 0 135 27 74 0 12 0 5 255 249 10529742
1 158 0 144 27 128 0 15 255 254 255 249 10624087
1 234 0 224 27 125 0 14 255 254 255 249 10727490
2 47 1 10 27 167 0 12 0 3 255 248 10816543
1 190 1 156 28 6 0 8 0 2 255 250 11009054
1 56 1 103 27 139 0 11 255 247 255 253 11168439
1 18 1 118 27 134 0 18 0 7 255 250 11201590
0 164 1 165 27 203 0 18 0 5 255 251 11295918
0 122 1 244 28 105 0 11 255 254 255 254 11394144
0 254 1 229 28 98 0 8 255 250 255 250 11488440
1 152 1 148 27 65 0 12 0 3 255 251 11680788
1 134 1 74 27 59 0 14 0 9 255 247 11976151
1 81 1 118 27 0 0 17 255 255 255 250 11976692
1 154 1 93 27 29 0 21 255 251 255 245 12040150
1 127 2 14 28 46 0 15 0 5 255 238 12065808
1 77 2 97 28 120 0 14 255 246 255 244 12160132
1 137 2 103 27 248 0 16 255 249 255 238 12254433
1 221 2 129 26 254 0 12 0 5 255 236 12352624
1 237 2 41 26 215 0 11 255 255 255 235 12446763
1 121 2 71 26 255 0 9 0 6 255 239 12545147
0 201 2 89 27 193 0 10 0 2 255 242 12643499
0 184 2 140 27 166 0 11 0 2 255 250 12733633
1 74 2 8 27 145 0 9 0 2 255 251 12862965
1 65 1 130 27 204 0 9 0 9 255 251 12926090
0 209 1 68 27 149 0 10 0 1 255 252 13079956
0 228 0 225 27 36 0 8 0 9 255 250 13118638
0 236 0 128 27 96 0 15 0 7 255 254 13212825
0 25 1 29 28 193 0 10 255 255 255 252 13405375
0 53 1 53 28 177 0 14 255 251 255 247 13506703
0 12 1 113 27 241 0 9 255 255 255 247 13597926
0 7 1 157 27 230 0 10 255 250 255 249 13720359
255 207 1 148 27 236 0 5 255 248 255 244 13790446
255 231 1 67 27 188 0 9 0 2 255 240 13924000
255 253 1 84 27 70 0 8 255 2 255 242 13978838
0 92 1 85 27 0 0 12 0 3 255 244 14143052
0 129 1 117 26 250 0 12 0 4 255 242 14175373
0 98 1 75 27 157 0 12 0 2 255 241 14269762
0 44 1 63 28 68 0 14 0 1 255 236 14363927
0 98 1 93 28 92 0 10 255 253 255 236 14462279
0 75 1 119 27 255 0 14 255 253 255 240 14556368
0 94 1 90 27 198 0 14 255 254 255 238 14650745
0 6 1 34 27 163 0 10 0 4 255 237 14780960
255 230 1 81 27 79 0 14 255 249 255 244 14843141
0 121 1 37 27 129 0 12 0 4 255 243 14989902
0 27 1 29 27 167 0 6 0 4 255 243 15035723
255 166 0 229 27 167 0 11 255 255 255 246 15129967
0 5 0 175 27 123 0 15 0 2 255 242 15228160
0 33 1 22 27 160 0 11 255 254 255 248 15322468
0 17 1 68 27 211 0 11 0 3 255 243 15420701
0 45 0 252 28 86 0 9 0 3 255 246 15514966
255 220 0 158 27 226 0 10 255 250 255 247 15623569
255 92 0 126 27 220 0 12 0 3 255 240 15707477
255 43 0 211 28 37 0 14 255 248 255 244 15829345
255 97 0 211 27 173 0 6 255 253 255 242 15896051
255 42 0 31 27 100 0 10 0 1 255 240 16053949
255 131 255 241 26 240 0 10 0 2 255 236 16092495
255 157 255 239 27 38 0 11 0 3 255 236 16186775
255 134 255 218 27 107 0 12 0 2 255 232 16280981
255 125 0 26 27 167 0 16 0 2 255 233 16379348
255 92 0 47 27 170 0 17 0 0 255 230 16481808
255 128 0 109 27 237 0 10 0 1 255 227 16571745
255 147 0 124 28 55 0 14 255 255 255 231 16690757
255 115 0 77 28 33 0 10 0 1 255 233 16760216
255 45 0 91 28 4 0 10 255 255 255 230 16898990
255 151 0 91 27 155 0 10 0 5 255 229 16952731
255 125 0 14 27 133 0 12 0 3 255 233 17116135
255 112 0 53 27 132 0 14 0 2 255 236 17145317
255 45 0 108 27 174 0 10 0 2 255 236 17239620
254 230 0 118 27 169 0 10 255 255 255 236 17337744
254 244 0 165 27 155 0 12 0 1 255 237 17432106
255 20 0 166 27 142 0 14 0 0 255 239 17535701
255 12 0 249 27 146 0 12 0 1 255 241 17624617
255 0 1 43 27 105 0 16 0 0 255 243 17747774
255 8 1 120 27 131 0 12 0 2 255 244 17817060
255 43 1 159 27 106 0 15 0 2 255 246 17967948
255 75 1 183 27 90 0 14 0 4 255 248 18009569
255 29 1 202 27 134 0 15 0 1 255 250 18197953
255 67 1 171 27 113 0 9 0 0 255 253 18296309
255 183 1 51 27 83 0 10 0 1 255 254 18394501
255 215 1 119 28 8 0 11 0 0 255 253 18607224
0 29 1 169 27 235 0 10 255 255 0 0 18677427
0 82 1 208 27 209 0 14 255 252 0 3 18825617
0 178 1 195 27 115 0 12 255 255 0 2 18869736
0 247 1 165 27 103 0 11 255 253 0 3 18968109
0 207 1 133 27 173 0 15 0 0 0 0 19062345
0 146 1 165 27 89 0 9 255 253 0 4 19160541
0 129 1 103 27 86 0 12 255 254 0 3 19254831
0 47 1 152 27 234 0 10 0 3 0 5 19353218
0 1 1 185 28 1 0 11 255 255 0 5 19460697
0 131 2 19 27 131 0 15 255 255 0 9 19541651
0 197 2 72 27 103 0 14 0 2 0 7 19675753
1 29 2 160 27 59 0 15 0 1 0 7 19734084
1 93 2 187 27 64 0 10 0 4 0 8 19891549
1 70 2 165 27 185 0 10 0 6 0 7 19926582
1 36 2 183 28 22 0 14 255 254 0 9 20020907
1 17 2 188 27 169 0 15 0 2 0 8 20119155
0 230 2 239 27 73 0 12 0 4 0 6 20213342
0 239 2 229 26 240 0 16 0 1 0 10 20323349
0 201 2 235 26 207 0 14 0 9 0 11 20405914
0 146 2 244 27 73 0 18 255 254 0 17 20526951
0 133 3 15 27 50 0 5 0 2 0 9 20598423
0 164 2 249 27 92 0 11 0 9 0 12 20739508
0 176 2 206 27 117 0 9 0 5 0 17 20790882
0 179 2 138 27 111 0 10 0 6 0 18 20885146
0 158 2 145 27 93 0 9 0 4 0 18 20979331
0 202 2 63 27 124 0 12 0 3 0 22 21077696
1 4 2 53 27 186 0 10 0 5 0 21 21171824
0 218 2 71 28 118 0 9 0 8 0 19 21270247
255 209 2 227 28 80 0 8 255 253 0 18 21392630
255 215 3 6 27 198 0 9 255 255 0 22 21458716
255 92 2 174 26 240 0 4 0 2 0 23 21601951
255 107 2 102 27 3 0 7 0 2 0 20 21651151
255 237 2 109 27 120 0 15 255 252 0 25 21813621
0 158 2 43 27 69 0 12 0 5 0 22 21843697
0 243 2 66 27 142 0 14 0 1 0 25 21937961
0 234 2 78 27 164 0 12 0 2 0 20 22036241
0 166 1 241 27 248 0 10 0 5 0 17 22134548
0 67 2 10 28 109 0 20 255 254 0 17 22242064
0 41 2 83 27 169 0 10 0 1 0 19 22322935
0 117 2 71 26 250 0 15 255 255 0 14 22444009
0 210 2 211 26 174 0 7 0 8 0 14 22515505
0 157 2 173 27 39 0 10 0 7 0 19 22663878
255 253 2 180 27 103 0 11 0 5 0 22 22708051
255 172 2 124 27 180 0 10 0 2 0 24 22802306
255 196 2 119 27 180 0 11 0 5 0 24 22896360
255 207 2 148 27 153 0 11 0 0 0 29 22994773
0 32 2 94 28 42 0 10 255 255 0 30 23088947
0 28 2 230 28 42 0 10 0 5 0 29 23187368
255 64 3 37 27 199 0 4 0 1 0 30 23308612
255 107 2 226 27 58 0 9 0 2 0 27 23524055
255 171 3 93 27 6 0 10 0 5 0 30 23572308
0 2 3 121 27 89 0 18 0 1 0 30 23736495
0 97 3 93 26 253 0 14 0 12 0 29 23760729
0 88 3 78 27 103 0 10 0 10 0 26 23859131
0 4 3 90 28 14 0 12 0 2 0 21 23953177
255 118 3 48 28 6 0 12 0 2 0 16 24047579
255 103 3 39 27 183 0 17 255 252 0 20 24147258
255 49 3 28 27 90 0 12 255 254 0 15 24240120
255 170 2 181 26 190 0 10 0 0 0 16 24368791
0 79 3 55 27 33 0 8 0 6 0 14 24432523
255 232 3 41 26 248 0 3 0 19 0 10 24575585
255 155 2 167 27 130 0 9 0 8 0 17 24625022
254 242 2 108 27 209 0 10 0 2 0 14 24719428
255 159 1 252 28 27 0 9 255 255 0 10 24911791
255 138 1 233 27 247 0 9 0 4 0 10 25010043
255 122 2 1 27 140 0 6 255 246 0 20 25104335
0 20 1 203 27 49 0 12 0 8 0 15 25212536
0 51 2 25 27 37 0 14 0 6 0 10 25296823
0 93 2 45 27 10 0 9 0 1 0 12 25427156
255 60 1 131 28 32 0 10 0 0 255 12 25677725
254 236 1 8 28 1 0 15 0 4 255 253 25776141
254 226 1 92 27 162 0 15 255 248 255 255 25870332
255 25 1 30 27 161 0 8 0 9 255 252 25964673
255 26 1 30 27 154 0 12 255 252 255 255 26062795
255 90 1 21 27 137 0 10 0 4 255 255 26157166
255 184 0 239 27 140 0 15 0 1 0 3 26269980
255 85 1 52 27 222 0 11 255 253 255 255 26349647
255 155 1 149 28 147 0 19 255 252 255 252 26474940
254 239 2 38 27 154 0 6 0 5 255 253 26542110
255 111 1 125 27 70 0 7 255 252 255 255 26706567
255 42 1 189 27 22 0 10 0 4 255 254 26734576
255 79 1 134 27 15 0 12 255 251 255 252 26828938
255 180 1 142 27 18 0 11 0 4 255 246 26923035
255 195 1 66 27 164 0 8 0 5 255 247 27021355
255 41 1 45 28 114 0 15 255 251 255 244 27126604
255 145 0 245 27 144 0 11 255 249 255 241 27213886
255 139 0 128 27 88 0 16 0 2 255 241 27325495
0 63 0 128 27 64 0 10 255 253 255 246 27402319
0 18 0 53 27 117 0 16 0 8 255 243 27540197
255 216 0 104 27 67 0 12 0 6 255 242 27598954
255 141 0 149 27 66 0 7 0 4 255 245 27754866
255 191 0 106 27 66 0 10 0 4 255 248 27787355
255 191 0 90 27 218 0 10 0 1 255 251 27881627
255 178 0 49 28 41 0 10 255 254 255 249 27984134
255 75 0 191 28 109 0 9 255 254 255 248 28078271
254 101 1 10 28 26 0 14 255 253 255 255 28183188
254 81 1 38 27 10 0 3 255 243 255 252 28266692
254 139 0 241 27 7 0 9 0 10 255 244 28398664
254 151 0 156 27 45 0 9 0 6 255 244 28459059
254 149 0 178 27 40 0 7 0 2 255 246 28607593
254 247 0 83 27 56 0 12 0 12 255 246 28651654
254 136 0 65 27 175 0 12 0 5 255 247 28749912
254 134 0 53 27 221 0 15 0 1 255 247 28844164
254 177 0 30 28 46 0 15 0 3 255 244 28938541
253 242 0 118 28 91 0 15 0 1 255 241 29036690
254 54 0 45 27 203 0 18 255 251 255 246 29131029
254 88 0 129 27 118 0 15 255 253 255 251 29255863
254 190 0 115 26 254 0 11 0 3 255 255 29323521
254 159 0 15 27 38 0 16 0 5 255 253 29460689
254 69 0 48 27 119 0 12 0 4 255 251 29515976
254 211 255 35 27 81 0 11 0 1 255 253 29704388
254 180 255 18 27 242 0 10 0 3 255 252 29802855
254 206 255 26 28 84 0 15 255 255 255 247 29896859
254 92 255 113 27 191 0 10 255 255 255 248 29995338
253 215 255 96 27 219 0 17 255 255 255 248 30092594
253 122 255 185 27 175 0 7 255 251 255 245 30183804
253 174 255 215 27 90 0 15 255 255 255 243 30315271
253 213 0 12 27 79 0 15 255 254 255 242 30376216
254 20 0 4 27 100 0 11 0 0 255 239 30524722
254 35 255 231 27 71 0 14 0 2 255 236 30568743
254 57 255 155 27 166 0 15 0 2 255 232 30663074
254 107 255 165 27 242 0 18 0 1 255 231 30761276
253 243 255 219 27 202 0 15 0 2 255 232 30855582
253 186 255 202 27 150 0 15 0 3 255 231 30953663
253 151 255 216 27 155 0 14 0 1 255 231 31047952
253 156 0 10 27 148 0 14 255 254 255 230 31155644
253 163 255 227 27 68 0 11 0 5 255 231 31240606
253 133 255 171 27 29 0 10 0 2 255 229 31372212
253 138 255 190 27 105 0 12 0 3 255 231 31580798
253 164 255 244 27 113 0 14 0 1 255 234 31621479
253 184 0 12 27 101 0 10 0 1 255 238 31719857
253 204 0 30 27 105 0 14 0 2 255 240 31814009
254 6 255 247 27 113 0 14 0 2 255 242 31912413
253 235 255 228 27 153 0 17 0 0 255 242 32012346
253 241 0 3 27 188 0 14 255 255 255 242 32104855
253 239 0 36 27 181 0 10 0 1 255 241 32221941
254 58 0 57 27 154 0 12 0 1 255 243 32297336
254 20 0 46 27 163 0 10 0 1 255 243 32441902
254 68 0 117 27 121 0 12 0 1 255 244 32485812
254 97 0 143 27 116 0 10 0 0 255 249 32584123
254 46 1 29 27 154 0 12 0 1 0 0 32772582
254 74 1 103 27 192 0 12 255 255 0 8 32870751
254 116 1 188 27 209 0 11 255 255 0 10 32965035
254 193 1 166 27 191 0 11 0 0 0 19 33084471
254 108 1 89 27 199 0 10 255 253 0 26 33295990
254 178 1 84 27 229 0 22 255 252 0 31 33350186
254 198 1 181 27 218 0 20 255 252 0 35 33444395
255 148 2 18 27 147 0 17 255 254 0 34 33538496
0 12 2 80 27 96 0 10 0 7 0 33 33636924
0 71 2 78 27 62 0 10 0 4 0 33 33740976
0 75 2 179 27 36 0 12 0 4 0 32 33829430
0 73 2 252 27 18 0 11 0 7 0 33 33953182
255 255 2 234 27 43 0 8 0 7 0 33 34021881
255 181 2 162 27 47 0 12 0 5 0 35 34176657
255 146 2 245 27 79 0 10 0 5 0 32 34214402
255 68 2 244 27 168 0 8 0 7 0 35 34308600
255 9 2 185 27 203 0 11 0 4 0 35 34402833
254 179 2 195 27 163 0 4 0 5 0 30 34501199
255 24 2 138 27 69 0 7 0 5 0 31 34599523
254 148 2 164 27 190 0 7 0 7 0 28 34693671
254 141 2 195 28 23 0 15 255 252 0 31 34815164
255 14 2 234 27 225 0 9 0 4 0 27 34886227
255 31 2 169 27 198 0 12 0 2 0 26 35023453
255 135 2 179 27 81 0 10 0 5 0 27 35074721
255 7 2 225 27 79 0 10 0 3 0 26 35172920
255 27 2 184 27 44 0 12 0 3 0 28 35267166
255 29 2 156 27 56 0 10 0 4 0 27 35365513
255 11 2 153 27 105 0 12 255 255 0 27 35459583
255 117 2 145 27 50 0 9 255 251 0 27 35553990
0 51 2 42 27 14 0 11 0 11 0 22 35660502
0 33 2 93 27 49 0 10 0 7 0 26 35746474
0 23 2 103 27 119 0 10 0 3 0 30 35880584
0 63 2 119 27 144 0 11 0 6 0 27 35938925
0 27 2 127 27 128 0 8 0 5 0 27 36095100
0 78 2 78 27 119 0 7 0 7 0 24 36131428
0 78 2 20 27 165 0 8 0 9 0 24 36225755
0 10 1 237 27 239 0 11 0 6 0 26 36323929
255 250 2 9 28 72 0 10 0 0 0 23 36418144
255 250 1 158 27 201 0 11 0 3 0 21 36512328
255 204 1 215 27 134 0 10 0 4 0 15 36610789
255 64 1 248 27 65 0 9 0 4 0 16 36718808
255 95 1 225 27 97 0 12 0 5 0 14 36803196
255 19 1 242 27 104 0 12 0 3 0 10 36936936
255 20 2 1 27 192 0 5 255 254 0 8 36995660
255 61 1 236 27 118 0 12 255 255 0 5 37146538
255 117 1 245 27 212 0 10 0 6 0 3 37188335
255 133 1 220 28 110 0 20 0 3 0 4 37282523
254 211 2 28 28 40 0 15 255 251 0 2 37376717
255 37 1 205 27 208 0 20 255 254 0 5 37475056
255 87 1 202 26 222 0 10 255 252 0 1 37569177
255 154 1 148 26 139 0 10 0 10 0 1 37663484
255 45 1 181 26 174 0 12 0 3 0 3 37766611
255 44 1 231 26 247 0 11 0 6 0 6 37855992
254 208 2 10 27 139 0 10 0 4 0 7 37980322
254 194 1 225 27 145 0 1 0 0 255 253 38048529
254 220 1 135 27 255 0 11 0 1 0 3 38182664
253 209 2 39 28 83 0 7 255 252 0 2 38241012
254 36 1 69 27 106 0 11 255 252 0 3 38396299
254 42 1 208 27 90 0 9 0 7 0 0 38433561
254 55 1 229 27 106 0 14 0 3 0 2 38527726
254 171 2 56 27 84 0 15 0 1 0 4 38621904
254 254 1 245 27 172 0 10 0 5 0 2 38720321
254 208 2 26 27 236 0 18 255 254 255 254 38819286
254 219 2 59 27 121 0 3 0 5 255 250 38912864
254 84 1 82 27 149 0 21 0 2 255 253 39032703
253 121 1 82 27 72 0 12 255 249 255 250 39101268
253 190 0 232 26 247 0 16 0 3 255 251 39239173
253 190 1 52 26 197 0 16 0 3 255 253 39293716
253 186 1 75 26 224 0 10 0 2 255 254 39387982
254 35 1 146 26 237 0 10 0 5 255 254 39486447
254 51 1 167 27 129 0 10 0 2 0 0 39584638
254 31 1 108 27 170 0 12 0 2 255 254 39678776
253 232 2 7 28 29 0 16 0 0 255 251 39777223
253 58 2 79 27 205 0 8 0 0 255 255 39880820
253 107 1 188 27 16 0 9 0 0 255 254 39965493
253 110 1 148 27 10 0 15 0 7 255 253 40085054
253 173 1 117 27 102 0 10 255 253 255 249 40158072
253 232 1 66 27 29 0 16 255 255 255 245 40304912
254 65 1 126 27 42 0 18 255 254 255 242 40350631
254 80 1 208 27 247 0 12 0 1 255 234 40513103
253 186 2 39 28 90 0 11 0 4 255 236 40539028
253 165 1 147 27 227 0 10 255 248 255 241 40637461
253 101 1 85 27 152 0 18 255 252 255 238 40735552
253 182 0 246 26 236 0 7 255 255 255 236 40829971
254 50 0 161 27 18 0 15 0 10 255 238 40927538
253 158 0 221 27 1 0 12 255 255 255 243 41022388
253 190 0 162 27 40 0 10 0 1 255 243 41144902
253 199 0 230 27 108 0 14 255 255 255 247 41210834
253 204 0 198 27 170 0 12 255 255 255 246 41349558
253 179 0 237 27 245 0 12 255 255 255 238 41403343
253 173 1 57 28 58 0 14 0 0 255 248 41501658
253 88 1 83 28 22 0 9 255 251 255 254 41595784
253 101 1 108 27 244 0 11 255 252 255 253 41694171
253 213 1 1 27 129 0 6 0 0 255 247 41788292
254 38 0 142 27 48 0 10 255 255 255 250 41882667
254 161 0 101 27 47 0 15 0 3 255 247 41995494
254 152 0 110 27 124 0 14 0 1 255 245 42075130
254 134 0 70 27 221 0 20 255 254 255 245 42203608
253 243 0 89 27 223 0 18 255 252 255 244 42267583
253 100 0 116 27 159 0 19 255 255 255 242 42428183
253 220 0 104 26 253 0 17 255 252 255 244 42460130
254 126 0 167 26 168 0 11 0 5 255 239 42554492
254 98 0 165 27 62 0 10 0 11 255 243 42652720
253 175 1 0 27 106 0 10 255 254 255 244 42746906
253 148 1 16 27 129 0 8 0 3 255 241 42841064
253 179 0 186 27 163 0 10 0 0 255 247 42939447
253 239 0 98 28 1 0 15 0 2 255 247 43064482
254 239 0 54 28 90 0 22 255 250 255 251 43127915
253 104 0 220 27 145 0 14 255 252 255 241 43269376
253 166 1 121 27 131 0 11 0 1 255 241 43324447
253 125 1 179 27 101 0 11 255 252 255 245 43488179
253 189 1 164 27 106 0 9 0 4 255 240 43512842
253 148 1 158 27 90 0 10 0 1 255 243 43611173
253 149 1 165 27 21 0 10 0 4 255 243 43705345
253 148 1 148 27 75 0 10 0 4 255 243 43799661
253 134 1 179 27 164 0 17 0 3 255 247 43902666
253 67 2 44 27 175 0 10 255 255 255 250 43992295
253 95 2 53 27 87 0 15 0 3 0 0 44110941
253 123 2 104 27 60 0 11 0 2 0 3 44184644
253 113 2 79 27 90 0 10 0 2 0 6 44337935
253 88 2 103 27 125 0 14 0 2 0 9 44377255
253 123 2 102 27 121 0 11 0 0 0 10 44471429
253 162 2 95 27 75 0 12 0 5 0 10 44565643
253 193 2 69 27 72 0 11 255 255 0 17 44664060
253 236 1 240 27 60 0 10 0 2 0 18 44766093
253 241 1 250 27 92 0 10 0 2 0 16 44856479
254 40 1 225 27 50 0 14 0 1 0 17 44976554
254 48 2 22 27 103 0 12 0 3 0 18 45049112
253 242 1 236 27 135 0 12 255 254 0 15 45190447
254 117 1 180 27 98 0 10 0 0 0 10 45241514
254 108 1 172 27 64 0 11 0 2 0 12 45335732
255 8 2 130 27 104 0 12 0 5 0 18 45528356
255 73 2 142 27 145 0 12 0 0 0 19 45622396
255 64 2 126 27 188 0 12 0 2 0 19 45716710
255 68 2 95 27 138 0 14 0 0 0 19 45830072
255 117 2 118 27 74 0 9 0 4 0 15 45913399
255 169 2 145 27 47 0 11 0 3 0 18 46048153
255 148 2 215 27 97 0 9 0 7 0 19 46101779
255 126 2 221 27 153 0 9 0 3 0 23 46267194
255 31 3 64 27 178 0 7 0 1 0 22 46294272
254 171 3 59 27 212 0 9 0 2 0 24 46392559
254 127 3 75 27 174 0 7 0 2 0 24 46486751
254 106 3 52 27 88 0 9 0 2 0 26 46581148
254 73 3 99 27 37 0 10 0 0 0 30 46679442
254 60 3 83 26 181 0 10 255 255 0 34 46773634
254 245 3 81 26 213 0 18 255 255 0 31 46896885
255 78 3 200 27 56 0 9 0 8 0 26 46966047
255 34 3 201 27 164 0 7 0 1 0 26 47109598
255 39 3 157 27 188 0 7 0 7 0 28 47154525
254 255 3 134 27 150 0 10 0 4 0 29 47252907
255 38 3 192 27 128 0 11 0 3 0 29 47351187
255 43 3 200 27 47 0 11 0 5 0 27 47445446
255 87 3 177 27 111 0 14 0 4 0 24 47541512
255 67 3 159 28 51 0 14 0 2 0 26 47637822
255 12 3 109 28 16 0 10 255 253 0 25 47734951
255 47 3 77 27 188 0 10 0 253 0 20 47826408
255 100 3 70 27 95 0 12 0 3 0 23 47949755
255 129 3 70 27 19 0 10 0 4 0 25 48018743
255 169 3 109 27 57 0 12 0 2 0 27 48174562
0 1 3 56 27 45 0 9 0 4 0 28 48211340
255 210 2 217 27 132 0 11 0 7 0 27 48309626
0 41 2 224 27 175 0 11 0 2 0 28 48403810
0 80 2 252 27 133 0 9 0 3 0 29 48498112
0 165 2 195 27 112 0 9 0 4 0 32 48596276
0 157 2 123 27 126 0 11 0 3 0 34 48690662
0 208 2 152 27 192 0 9 255 255 0 36 48809250
0 248 2 143 27 82 0 6 0 4 0 34 48883174
0 213 2 96 27 79 0 10 0 3 0 34 49016402
0 188 2 160 27 73 0 7 0 6 0 31 49075623
0 119 2 217 27 39 0 9 0 5 0 34 49227170
0 71 3 25 27 102 0 11 0 3 0 33 49268122
0 53 3 2 27 124 0 11 0 4 0 32 49362520
0 163 2 156 27 104 0 10 0 6 0 34 49456539
0 91 2 66 27 180 0 14 0 6 0 31 49650855
0 64 2 111 27 214 0 14 0 1 0 30 49747531
0 56 2 116 27 237 0 14 0 2 0 28 49856987
0 31 2 113 28 72 0 12 0 2 0 27 49935976
0 41 1 199 28 30 0 16 255 253 0 25 50058042
0 158 2 3 27 140 0 10 255 255 0 24 50128382
0 190 2 119 27 114 0 15 0 1 0 23 50293127
0 207 2 113 27 114 0 9 0 8 0 19 50320887
0 135 2 64 27 84 0 10 0 6 0 23 50419236
0 107 2 45 27 89 0 12 0 1 0 23 50513406
0 169 1 45 27 156 0 15 0 8 0 24 50607771
0 189 2 57 27 182 0 14 0 1 0 26 50705925
0 225 2 154 27 203 0 14 0 5 0 27 50800273
0 95 3 39 27 131 0 9 0 6 0 30 50908457
0 119 2 195 27 149 0 8 0 9 0 30 50992719
0 6 3 7 27 78 0 10 255 255 0 28 51116531
255 245 3 30 27 115 0 9 0 8 0 26 51185261
255 208 3 80 27 170 0 8 0 1 0 27 51315549
0 72 3 43 27 87 0 12 0 4 0 30 51377701
0 50 3 77 27 68 0 10 0 4 0 28 51472025
0 53 3 80 27 68 0 8 0 5 0 30 51570319
0 46 3 73 27 141 0 10 0 3 0 34 51664573
0 61 2 208 27 141 0 9 0 5 0 32 51758625
255 246 2 116 27 24 0 8 0 6 0 31 51857103
255 191 2 58 27 71 0 5 0 6 0 30 51958298
255 136 2 56 27 127 0 11 0 9 0 33 52045592
255 38 2 2 27 155 0 10 0 2 0 34 52175116
255 58 1 253 27 153 0 9 0 8 0 30 52238080
254 238 1 228 27 161 0 10 0 2 0 31 52387651
255 10 2 10 27 203 0 10 0 4 0 30 52430503
255 50 1 208 27 99 0 5 0 3 0 24 52582820
255 140 1 126 27 47 0 9 0 10 0 24 52622937
255 67 1 170 27 189 0 12 0 2 0 21 52717310
255 102 1 133 28 31 0 14 0 3 0 18 52815437
254 236 1 187 28 133 0 12 255 252 0 15 52909762
254 234 1 97 28 23 0 11 0 1 0 9 53007984
255 98 1 86 27 218 0 12 255 254 0 10 53102347
255 205 1 52 27 135 0 10 255 255 0 9 53214086
255 216 1 25 27 91 0 12 0 2 0 4 53294871
255 240 0 236 27 48 0 14 0 0 0 1 53421386
0 61 0 181 27 15 0 11 0 1 255 253 53483191
255 187 0 139 27 67 0 10 0 2 255 247 53630814
255 176 0 140 27 131 0 14 0 8 255 245 53675709
255 131 1 10 27 111 0 14 0 0 255 246 53830568
255 240 1 240 27 166 0 12 0 1 255 246 53868210
255 192 2 61 27 110 0 10 0 1 0 0 53966654
255 147 2 104 27 122 0 11 0 2 0 4 54060801
255 172 2 217 27 197 0 8 0 8 0 2 54159193
254 127 2 152 28 88 0 3 0 5 0 6 54260423
253 251 2 126 28 22 0 5 255 250 0 7 54351615
254 133 2 43 27 145 0 12 0 1 0 8 54473826
254 137 2 50 27 60 0 9 0 0 0 8 54540184
254 180 1 225 27 71 0 10 0 2 0 7 54670965
254 229 2 38 27 115 0 14 0 4 0 7 54732507
255 15 1 170 27 149 0 12 0 2 0 7 54887399
254 213 1 159 27 214 0 12 255 255 0 7 54925026
254 177 1 163 27 159 0 17 0 5 0 6 55019382
254 220 1 72 27 243 0 14 0 2 0 3 55117618
254 34 1 139 27 176 0 8 0 0 0 5 55211972
254 6 1 89 27 57 0 11 0 1 0 6 55310081
254 26 1 101 27 63 0 11 0 2 0 3 55404363
254 156 1 14 27 64 0 12 255 255 0 4 55506491
254 196 1 10 27 82 0 9 0 1 0 6 55596959
254 213 1 10 27 159 0 14 255 255 0 5 55732250
255 79 1 96 27 219 0 14 0 5 0 8 55785280
254 245 1 143 27 132 0 6 0 5 0 11 55938415
253 246 1 249 27 204 0 3 255 248 0 11 55977877
254 38 0 251 27 146 0 8 0 3 0 11 56076249
254 33 1 65 27 24 0 11 0 3 0 12 56170291
254 81 1 91 27 96 0 10 0 3 0 12 56268611
254 218 1 109 27 53 0 10 255 255 0 16 56362812
255 1 1 87 27 64 0 12 0 1 0 14 56457203
254 212 1 132 27 78 0 14 0 2 0 9 56562538
254 228 1 217 27 138 0 15 0 7 0 10 56649628
254 36 2 40 28 18 0 10 0 0 0 18 56773019
253 235 1 184 27 209 0 10 255 253 0 18 56842169
253 196 1 83 27 185 0 14 255 251 0 10 56985109
254 9 1 52 27 181 0 10 0 3 0 9 57034716
254 159 1 19 27 9 0 11 255 254 0 9 57128928
255 26 1 44 26 160 0 6 0 6 0 12 57227231
254 227 0 246 27 117 0 10 0 5 0 15 57321387
254 195 0 246 28 80 0 12 0 2 0 15 57415594
254 136 0 237 27 171 0 12 255 255 0 10 57624909
254 190 1 5 27 89 0 7 0 2 0 6 57706564
255 48 1 22 27 77 0 11 0 3 0 8 57836383
255 7 1 81 27 25 0 4 0 7 0 5 57894886
255 1 1 112 27 128 0 14 0 3 0 8 58047540
254 237 1 161 28 10 0 12 0 4 0 7 58087395
254 169 1 161 28 17 0 16 0 1 0 9 58181709
255 14 1 142 28 66 0 17 0 0 0 6 58279965
254 163 1 131 28 24 0 12 255 253 0 11 58374198
254 80 1 89 27 199 0 16 255 253 0 7 58475159
254 140 0 237 27 106 0 9 255 250 0 5 58566648
254 238 0 70 27 9 0 12 0 2 0 0 58674818
254 242 0 79 27 28 0 11 0 3 255 253 58759331
255 87 255 242 26 251 0 10 255 254 255 254 58882128
255 58 255 220 27 24 0 9 0 5 255 246 58951806
255 52 255 178 27 120 0 11 255 254 255 245 59106068
255 80 255 166 27 138 0 7 0 2 255 241 59144175
255 10 255 253 28 36 0 10 0 5 255 243 59308460
254 128 0 72 27 236 0 10 255 250 255 243 59336735
254 203 0 76 27 162 0 9 0 2 255 246 59430985
254 180 255 236 27 52 0 11 255 255 255 244 59529312
254 248 255 103 27 33 0 10 0 9 255 237 59623527
254 230 255 32 27 110 0 16 0 4 255 236 59717905
254 248 255 84 27 111 0 11 0 5 255 233 59816100
254 240 255 134 27 204 0 17 0 3 255 234 59922889
254 145 255 170 27 209 0 14 0 0 255 230 60004596
254 71 255 194 28 80 0 23 255 254 255 230 60128416
253 173 0 178 28 228 0 20 255 254 255 230 60196969
253 123 0 187 27 204 0 12 255 253 255 233 60342155
253 236 0 149 26 207 0 14 255 255 255 236 60389505
254 16 0 149 26 249 0 12 0 4 255 238 60483745
254 36 255 171 27 0 0 10 0 7 255 241 60581995
253 214 255 120 27 16 0 11 0 5 255 238 60676272
253 199 255 126 27 49 0 11 0 1 255 242 60774527
253 222 255 130 27 98 0 10 0 1 255 244 60868911
253 189 255 162 27 151 0 15 0 2 255 247 60969361
254 12 255 184 27 223 0 18 255 254 255 249 61061458
253 118 255 180 27 55 0 10 0 1 255 248 61185175
253 217 0 46 28 5 0 10 255 255 255 253 61253893
254 59 255 161 27 184 0 8 255 254 255 249 61389923
254 114 255 144 27 180 0 10 0 8 255 249 61446312
254 116 255 142 27 70 0 15 0 2 255 252 61540654
254 184 255 172 27 46 0 10 0 3 255 252 61634883
254 191 255 194 27 113 0 15 0 1 255 247 61733118
254 127 255 243 27 189 0 17 0 4 255 243 61827284
254 124 0 52 27 240 0 16 0 3 255 246 61925717
253 205 0 94 27 222 0 16 255 254 255 245 62025148
253 62 0 155 27 222 0 11 0 2 255 246 62114065
253 111 0 38 27 99 0 12 255 252 255 251 62228488
254 23 255 200 27 32 0 11 0 9 255 251 62306626
253 202 255 115 27 10 0 10 0 2 255 251 62451597
253 173 255 95 27 23 0 10 0 6 255 251 62499100
253 10 255 189 27 248 0 11 255 252 0 0 62691534
253 148 255 178 27 238 0 11 255 254 0 1 62785788
253 53 0 137 27 184 0 9 0 2 0 3 62884077
252 56 255 207 27 129 0 11 0 4 0 5 63078945
252 71 255 159 27 190 0 10 255 251 0 4 63170909
252 245 255 79 27 116 0 12 255 255 0 1 63295554
253 214 255 97 27 133 0 9 0 8 0 4 63363309
253 208 255 15 27 184 0 9 255 254 255 254 63501060
254 61 254 217 28 22 0 14 255 255 255 252 63555905
253 253 254 166 28 184 0 16 255 254 255 255 63714533
254 59 254 152 27 195 0 14 255 249 255 255 63744358
254 26 255 57 27 89 0 12 255 250 0 0 63842761
254 88 255 68 26 243 0 16 0 3 0 4 63936779
254 67 255 1 27 10 0 12 0 3 0 2 64030999
254 128 254 187 27 36 0 12 0 4 0 3 64129340
254 143 254 206 27 17 0 16 0 0 0 6 64223594
254 246 254 247 27 25 0 15 255 255 0 1 64338280
255 28 255 10 27 26 0 15 0 5 0 0 64416067
255 18 255 97 27 172 0 10 0 2 0 3 64548631
254 165 255 225 28 49 0 10 0 2 0 3 64608645
254 119 0 64 27 126 0 19 255 253 255 248 64776971
254 255 0 97 27 181 0 10 255 250 0 8 64801210
254 178 0 69 27 90 0 7 0 4 0 6 64895432
254 243 0 85 27 112 0 15 0 5 0 6 64989563
254 244 0 151 27 133 0 8 255 255 0 10 65087953
254 251 0 72 27 9 0 8 0 1 0 4 65182106
255 123 255 240 27 61 0 4 0 7 0 4 65280528
255 40 255 94 28 80 0 12 0 6 0 2 65397979
254 40 255 87 29 37 0 17 255 255 0 4 65468934
254 30 255 133 28 189 0 17 255 244 0 2 65602977
254 114 255 221 27 169 0 18 255 252 0 1 65665449
254 107 255 229 26 193 0 14 255 253 0 0 65807484
254 211 0 10 26 194 0 10 0 7 0 3 65853951
254 40 0 87 27 46 0 16 0 5 0 6 65952360
253 187 0 187 27 54 0 12 0 0 0 4 66046379
253 153 0 187 27 123 0 15 0 4 0 9 66140676
253 190 0 243 27 168 0 15 255 253 0 10 66238953
253 247 1 57 27 162 0 9 0 3 0 10 66333268
254 45 0 253 27 156 0 12 255 255 0 11 66441210
254 132 1 57 27 129 0 10 255 253 0 10 66525753
254 215 1 40 27 99 0 10 0 1 0 12 66664120
255 18 1 20 27 109 0 14 0 5 0 11 66718358
255 129 1 32 27 141 0 12 255 252 0 16 66873718
255 233 1 17 27 159 0 10 0 3 0 14 66910703
255 216 0 255 27 154 0 12 0 0 0 17 67005010
255 179 0 253 27 180 0 10 255 254 0 17 67099214
0 27 1 110 27 167 0 10 255 253 0 23 67197619
0 27 1 152 27 69 0 9 0 2 0 25 67291698
0 130 1 190 27 64 0 5 0 3 0 24 67390009
0 109 1 176 27 109 0 10 0 6 0 24 67500347
0 121 2 4 27 185 0 10 255 255 0 30 67582781
0 159 2 10 27 95 0 12 0 7 0 35 67723470
0 221 2 48 27 42 0 10 0 4 0 35 67770977
0 188 1 191 27 174 0 10 0 7 0 28 67939368
0 175 1 248 27 230 0 10 0 0 0 30 67963542
0 148 2 40 27 194 0 10 0 1 0 30 68061964
0 177 2 47 27 227 0 17 255 254 0 29 68156005
0 123 2 54 28 227 0 9 0 3 0 25 68250247
0 193 1 193 27 217 0 12 255 254 0 26 68348530
0 255 1 223 27 153 0 12 0 2 0 28 68442801
0 249 1 200 27 84 0 10 0 2 0 23 68566198
1 29 1 114 27 101 0 10 0 4 0 22 68635352
1 58 1 0 27 71 0 9 0 1 0 21 68765295
1 99 0 252 27 93 0 11 0 10 0 18 68827827
1 36 1 14 27 156 0 12 0 2 0 21 68974225
1 72 0 221 27 150 0 11 0 2 0 18 69020354
1 68 0 190 27 179 0 11 0 0 0 14 69114701
1 68 0 133 27 197 0 14 0 5 0 12 69208735
1 23 0 213 28 2 0 12 0 0 0 15 69307133
1 82 1 7 28 190 0 12 0 3 0 11 69401217
0 213 1 101 28 68 0 4 255 252 0 10 69499628
1 17 1 96 27 159 0 10 0 10 0 14 69606352
0 208 1 12 27 47 0 7 0 1 0 17 69692085
0 152 1 64 27 50 0 14 0 4 0 10 69811912
0 210 1 50 27 63 0 9 0 6 0 12 69884718
0 78 0 225 27 90 0 17 0 2 0 7 70023292
0 114 1 56 27 88 0 17 0 2 0 8 70073079
0 123 1 159 27 242 0 12 0 0 0 1 70232062
0 83 1 76 28 30 0 12 0 3 0 1 70265554
255 149 1 111 28 75 0 17 255 250 0 3 70364016
255 120 1 47 27 99 0 8 0 0 0 3 70458131
255 153 0 225 27 25 0 10 0 3 0 3 70552380
0 153 0 203 27 40 0 14 0 0 0 8 70646603
0 34 1 3 27 86 0 14 0 4 0 8 70744958
255 243 1 37 27 183 0 11 0 4 0 10 70856046
0 56 1 64 28 84 0 4 0 1 0 14 70937463
255 75 1 107 28 19 0 6 0 5 0 15 71067452
255 6 1 156 28 52 0 4 255 249 0 15 71129857
255 96 1 84 27 223 0 11 0 3 0 12 71276326
255 127 1 119 27 102 0 9 255 251 0 12 71322460
0 30 1 7 27 55 0 11 255 254 0 8 71416765
0 164 1 25 27 57 0 10 0 5 0 10 71510885
0 45 0 237 27 228 0 12 0 5 0 7 71609392
0 55 0 245 28 156 0 15 255 250 0 10 71703439
255 244 0 237 28 41 0 12 0 2 0 10 71801745
255 157 0 235 27 143 0 15 255 245 0 10 71902034
0 72 0 135 27 3 0 10 0 6 0 4 71990180
0 98 0 75 27 19 0 17 0 3 0 8 72115032
255 254 0 121 27 157 0 10 0 3 0 5 72182679
0 100 0 41 27 134 0 12 0 1 0 8 72319489
0 92 0 124 27 80 0 10 0 6 0 10 72375154
0 118 0 12 26 234 0 11 0 0 0 14 72524546
0 152 0 28 27 108 0 10 0 1 0 10 72567658
0 96 0 91 28 121 0 10 0 1 0 19 72662008
0 25 0 116 28 146 0 9 0 0 0 18 72756116
0 6 0 142 28 38 0 10 255 254 0 20 72854476
0 90 0 86 27 173 0 11 0 3 0 17 72948596
0 188 0 164 27 134 0 18 0 7 0 14 73047062
0 131 1 39 27 139 0 19 0 3 0 17 73164779
0 137 1 52 27 171 0 10 0 5 0 14 73239424
0 138 0 252 27 216 0 10 0 0 0 10 73373278
1 11 1 48 28 58 0 10 0 0 0 9 73428034
1 85 1 47 28 72 0 10 255 255 0 9 73595042
1 46 0 254 27 173 0 7 0 4 0 1 73624512
1 33 0 183 27 96 0 14 255 254 0 5 73718844
1 40 0 213 27 79 0 11 0 4 0 5 73812945
1 42 0 188 27 43 0 11 0 2 0 7 73907318
1 86 0 130 27 8 0 17 0 5 0 7 74005465
1 61 0 112 27 44 0 10 0 11 0 5 74099717
0 156 0 114 27 148 0 14 0 4 0 5 74205201
0 44 1 56 27 215 0 14 0 0 0 6 74292277
0 67 1 79 28 32 0 10 0 1 0 6 74421679
255 230 1 159 27 185 0 8 0 2 0 5 74484711
255 117 1 144 27 99 0 8 0 7 0 4 74629221
254 254 1 194 27 235 0 8 0 1 0 0 74771461
255 73 1 236 27 205 0 10 0 0 255 253 74869796
255 173 1 106 27 197 0 11 0 0 255 247 75058195
255 228 1 73 27 221 0 16 255 254 255 248 75156641
255 200 1 128 28 3 0 18 255 253 255 245 75261829
0 0 1 180 27 200 0 14 255 251 255 245 75349085
255 206 1 203 27 129 0 21 0 0 255 248 75474728
255 201 1 203 26 241 0 7 0 5 255 245 75537566
255 135 1 158 27 98 0 10 0 8 255 248 75690025
254 253 1 209 27 76 0 7 0 8 255 249 75730046
255 3 1 101 27 118 0 10 0 1 255 252 75828399
255 83 1 76 27 176 0 11 255 255 255 252 75922564
255 48 1 113 27 252 0 10 255 253 0 1 76020893
255 220 1 77 28 44 0 14 0 0 255 254 76115023
255 169 1 134 27 227 0 3 0 6 0 1 76209450
255 93 1 131 28 66 0 14 255 255 0 5 76315450
255 70 1 146 27 175 0 11 255 254 0 5 76401791
255 163 1 57 27 97 0 14 255 251 0 4 76524410
255 180 1 60 27 103 0 10 0 2 0 0 76594456
0 34 1 44 27 110 0 14 255 252 0 1 76741944
0 83 1 82 27 122 0 14 0 5 255 250 76786831
0 37 1 82 27 114 0 8 0 0 255 248 76881215
0 114 1 144 27 114 0 15 0 1 255 253 76975304
255 229 1 180 28 29 0 10 255 252 0 0 77073684
0 136 0 189 27 222 0 11 255 254 255 249 77171809
0 74 0 202 27 222 0 16 0 3 255 251 77266208
0 178 0 67 26 251 0 12 0 3 255 249 77381262
0 65 0 67 27 26 0 10 0 17 255 248 77454627
255 119 0 140 27 155 0 11 0 4 255 253 77587402
254 232 0 149 28 19 0 10 0 1 255 254 77647049
254 195 0 134 28 52 0 15 255 245 0 0 77791911
255 114 0 26 27 254 0 9 0 4 255 250 77839632
255 71 1 72 28 12 0 23 255 241 0 3 77937930
255 109 1 198 27 245 0 7 255 255 255 255 78032198
255 67 1 218 27 153 0 7 255 250 255 255 78126435
0 61 1 129 26 224 0 10 255 255 255 255 78227426
0 134 1 135 26 250 0 10 0 6 255 253 78318859
0 212 1 95 27 68 0 10 255 252 255 250 78445917
1 73 1 39 27 138 0 11 0 252 255 244 78511453
1 23 0 217 27 185 0 12 255 254 255 241 78648908
1 61 0 147 28 3 0 16 0 0 255 234 78703872
0 155 0 213 28 28 0 14 255 252 255 231 78798192
0 210 1 38 27 188 0 17 0 2 255 230 78896540
0 230 1 96 27 108 0 16 255 255 255 234 78990647
0 232 1 100 27 21 0 12 0 7 255 232 79088902
0 182 1 18 27 41 0 12 0 3 255 236 79183285
0 101 1 41 27 82 0 12 0 3 255 235 79288663
0 72 1 112 27 135 0 8 0 1 255 237 79375764
255 183 1 79 27 174 0 11 0 1 255 239 79499734
255 142 1 95 27 152 0 12 255 252 255 241 79568197
255 207 1 143 27 151 0 12 255 250 255 241 79731137
0 57 1 224 27 135 0 7 0 2 255 240 79760738
255 135 1 206 27 234 0 6 0 0 255 241 79855029
255 76 1 188 28 58 0 7 255 252 255 239 79949161
0 5 0 249 27 194 0 4 255 254 255 239 80047592
255 185 0 164 27 164 0 9 0 254 255 237 80141641
0 2 0 164 27 147 0 14 255 251 255 240 80235966
255 253 0 100 27 139 0 15 0 4 255 234 80349429
255 247 255 243 27 230 0 12 0 3 255 224 80566910
255 140 0 82 27 143 0 15 0 0 255 229 80774272
255 209 0 113 27 97 0 14 0 2 255 229 80813498
255 125 0 94 27 130 0 12 255 255 255 229 80907758
255 160 0 81 27 77 0 12 0 3 255 225 81005963
255 151 0 81 27 106 0 12 0 1 255 225 81100196
255 161 0 181 27 151 0 10 0 4 255 227 81198465
255 170 0 254 27 170 0 10 0 4 255 231 81292792
255 140 0 254 27 160 0 10 0 0 255 236 81408518
255 124 1 24 27 235 0 11 0 4 255 240 81485289
255 64 0 253 28 17 0 11 0 0 255 243 81631704
255 121 0 243 27 203 0 10 255 255 255 246 81673722
255 142 1 6 27 183 0 10 255 254 255 251 81772039
255 233 0 198 27 161 0 12 0 0 255 253 81866211
255 224 0 132 27 179 0 11 0 0 255 255 81964553
255 239 0 39 27 199 0 10 255 255 255 254 82058705
0 239 0 83 27 174 0 9 0 2 255 253 82152947
0 57 0 102 27 85 0 9 255 254 255 255 82279748
0 26 0 40 27 48 0 7 0 8 0 0 82345499
255 207 255 175 27 119 0 12 255 255 255 253 82495212
0 20 255 120 27 151 0 8 0 4 255 248 82537945
0 15 254 253 27 192 0 10 0 1 255 253 82636445
0 38 254 190 27 254 0 12 0 2 255 247 82730488
255 202 254 216 27 160 0 10 0 1 255 246 82824874
255 134 254 222 27 59 0 16 0 3 255 246 82923472
255 224 255 54 27 94 0 16 0 0 255 248 83017279
0 65 255 215 27 120 0 16 0 1 255 253 83142496
0 153 255 233 27 181 0 14 0 1 0 3 83209734
0 144 0 14 27 197 0 15 255 254 0 8 83353344
0 237 0 36 27 194 0 15 0 0 0 11 83402422
0 228 0 36 27 218 0 15 255 255 0 17 83496508
0 199 0 197 27 231 0 15 0 2 0 23 83594821
0 167 1 84 28 17 0 10 255 249 0 31 83689155
1 36 1 44 27 203 0 10 255 254 0 33 83788568
0 214 1 80 27 162 0 4 0 0 0 32 83881706
1 10 0 156 27 91 0 9 0 3 0 33 84012420
0 237 0 119 27 105 0 10 0 1 0 32 84074169
0 130 0 95 27 164 0 12 0 3 0 32 84236595
0 153 0 117 27 227 0 14 255 254 0 34 84266598
0 168 0 103 27 151 0 10 255 255 0 34 84360803
1 45 0 116 27 33 0 12 0 3 0 32 84455056
1 60 0 149 27 66 0 9 0 7 0 33 84553452
0 241 0 117 27 160 0 12 0 5 0 34 84666528
0 173 0 116 27 216 0 12 0 4 0 36 84745874
0 117 0 3 27 246 0 11 0 1 0 32 84886159
0 149 255 102 27 226 0 11 0 2 0 25 84934479
0 195 254 209 27 193 0 12 0 0 0 21 85032731
1 7 254 188 27 162 0 14 0 4 0 12 85126821
1 41 254 222 27 166 0 10 255 254 0 8 85225282
1 110 255 42 27 151 0 14 0 2 0 1 85323547
1 46 255 49 27 197 0 14 255 255 255 251 85524776
0 251 255 98 27 204 0 12 0 2 255 246 85606201
0 188 255 60 27 183 0 15 255 254 255 244 85764036
0 204 255 93 27 120 0 10 0 1 255 238 85798637
0 139 254 200 27 71 0 7 0 3 255 230 85949314
0 152 254 186 27 152 0 5 0 9 255 213 85991124
255 239 255 109 28 152 0 11 0 4 255 225 86085481
255 155 255 163 27 255 0 12 0 0 255 228 86179623
255 163 255 86 27 183 0 10 255 253 255 229 86277908
255 218 254 245 27 180 0 10 255 255 255 222 86381622
255 212 254 190 27 153 0 9 0 8 255 219 86470505
255 189 255 24 27 135 0 14 0 4 255 225 86662958
255 190 255 80 27 82 0 14 0 8 255 225 86851297
255 132 255 57 27 102 0 10 0 3 255 225 86949730
255 144 255 130 27 120 0 10 0 5 255 229 87047950
255 211 255 110 27 84 0 15 0 0 255 240 87142310
255 213 255 134 27 44 0 20 0 1 255 241 87236791
0 18 255 246 27 85 0 10 0 4 255 241 87334811
255 224 0 44 28 24 0 9 0 3 255 241 87454195
255 156 0 44 28 189 0 5 0 1 255 245 87523136
255 50 0 56 28 241 0 9 255 250 255 249 87671309
255 136 0 87 28 96 0 7 255 253 255 250 87715713
0 57 255 233 28 16 0 9 0 1 255 250 87814072
0 118 255 187 27 245 0 9 255 253 255 252 87908239
0 246 255 116 27 209 0 8 0 3 255 252 88002522
1 51 255 140 27 204 0 18 255 254 255 254 88102344
1 59 255 183 27 173 0 20 255 255 255 252 88199048
1 137 255 176 27 207 0 18 255 249 255 248 88330351
1 158 0 55 27 182 0 21 0 7 255 246 88387405
0 215 0 203 28 17 0 15 255 255 255 254 88481980
1 15 0 123 27 121 0 16 0 2 0 3 88678415
1 45 0 158 27 34 0 10 0 1 0 0 88773334
1 45 0 191 27 36 0 14 0 5 0 3 88866747
1 140 0 224 27 79 0 10 0 3 0 7 88994150
1 123 1 6 27 136 0 12 0 2 0 9 89059297
1 217 1 57 27 128 0 18 0 0 0 11 89209340
1 170 2 10 27 119 0 10 0 8 0 12 89251679
0 177 2 94 27 158 0 2 0 1 0 7 89346094
0 83 1 195 27 121 0 5 0 10 0 7 89444388
255 105 1 172 27 153 0 8 0 4 0 12 89538574
255 76 1 57 27 202 0 10 255 253 0 7 89640929
255 90 1 38 27 191 0 6 0 3 0 4 89731140
255 138 1 74 28 94 0 11 255 248 0 4 89923524
255 182 1 30 28 59 0 4 0 1 0 4 90084545
255 217 0 215 27 193 0 7 255 252 0 4 90112006
0 86 0 31 27 95 0 7 255 251 0 11 90210462
1 9 255 153 26 243 0 15 0 3 0 19 90304444
1 61 255 188 27 5 0 16 0 6 0 19 90402930
1 7 255 144 27 128 0 10 0 0 0 16 90514453
0 251 255 86 27 134 0 10 0 1 0 21 90591327
1 72 255 24 27 238 0 10 255 252 0 16 90734456
0 233 255 63 28 2 0 8 255 255 0 12 90783781
0 142 255 91 27 85 0 4 255 255 0 9 90882104
1 93 255 57 27 17 0 15 0 2 0 9 90976459
1 153 255 156 27 54 0 11 255 2 0 14 91070606
1 225 255 111 27 9 0 18 255 254 0 9 91168788
2 225 255 168 27 102 0 10 0 5 255 253 91263044
2 38 255 95 27 235 0 7 0 14 255 249 91374958
1 220 255 61 28 106 0 12 255 248 255 254 91455603
1 193 254 189 28 7 0 11 255 246 255 248 91582160
2 78 254 61 27 144 0 10 0 6 255 246 91648093
2 149 253 188 27 42 0 12 255 254 255 246 91808135
2 121 253 103 26 243 0 9 0 8 255 242 91840589
2 73 253 71 27 27 0 12 0 0 255 245 91934944
2 39 253 116 27 63 0 15 0 10 255 243 92033186
1 187 253 209 27 131 0 10 0 6 255 246 92127369
1 148 254 0 28 131 0 15 0 2 255 248 92223861
1 138 254 18 28 125 0 11 255 254 255 246 92319961
1 65 254 127 28 30 0 9 0 4 255 250 92432861
0 230 254 159 27 228 0 7 255 253 255 251 92512423
1 81 254 225 27 243 0 15 0 1 255 249 92653592
1 89 255 52 27 148 0 9 0 3 255 249 92704869
1 20 255 48 27 215 0 9 0 2 255 242 92799159
1 98 255 117 27 231 0 9 0 1 255 240 92893411
1 212 254 232 27 198 0 12 0 6 255 251 92991771
1 184 254 201 28 58 0 17 0 0 255 250 93085798
1 58 254 107 28 40 0 10 0 4 255 247 93184232
0 179 254 208 28 6 0 20 255 251 255 250 93304645
1 34 254 184 27 96 0 14 255 251 255 252 93372569
1 198 254 102 27 106 0 15 0 0 255 251 93525377
1 153 254 181 27 39 0 12 0 8 255 248 93565117
1 135 254 206 27 63 0 15 255 254 0 5 93663489
1 163 255 42 27 218 0 16 0 2 0 6 93757628
1 188 255 128 28 163 0 12 255 254 0 11 93856038
1 79 255 210 28 89 0 6 255 255 0 2 93953347
0 232 0 19 27 220 0 8 255 252 0 5 94044539
1 152 255 226 27 119 0 10 255 252 255 255 94176691
2 9 0 81 27 22 0 9 0 0 0 6 94237113
2 71 0 77 27 45 0 9 0 12 0 0 94390330
2 59 0 24 27 197 0 11 0 5 0 0 94429417
1 243 0 21 28 31 0 10 0 2 0 3 94523759
1 230 255 243 28 108 0 10 255 252 255 253 94621889
2 28 255 217 27 166 0 9 0 4 255 252 94716294
1 254 255 225 27 121 0 17 255 252 0 5 94818609
2 93 255 137 27 49 0 10 0 1 0 2 94908842
2 61 255 35 27 117 0 11 0 6 0 1 95040332
1 245 255 66 27 161 0 10 255 255 0 11 95256416
2 40 255 125 27 224 0 11 0 3 0 11 95293741
1 243 255 210 27 229 0 3 255 249 0 14 95388038
2 249 255 183 28 2 0 9 255 248 0 14 95482127
2 154 255 192 28 10 0 10 0 8 0 9 95576390
2 72 255 111 27 168 0 18 255 250 0 10 95700597
2 100 0 3 27 79 0 24 255 249 0 11 95773076
3 79 0 128 27 39 0 19 255 241 0 17 95912805
4 45 0 179 26 225 0 10 0 12 0 7 95965625
4 10 0 75 27 144 0 15 0 4 0 6 96059735
4 38 0 191 28 41 0 16 255 252 0 6 96154102
4 7 1 85 27 110 0 8 0 0 0 7 96252348
3 117 1 113 27 86 0 11 0 7 0 3 96346450
3 75 1 97 27 183 0 16 255 250 0 9 96444825
3 214 1 46 27 201 0 19 0 4 0 8 96560557
3 239 1 27 27 201 0 11 0 4 0 8 96633230
4 3 0 243 27 36 0 16 0 2 0 8 96757909
4 66 1 46 27 7 0 14 0 2 0 19 96825784
4 89 1 141 27 124 0 10 255 254 0 15 96970507
4 251 1 169 28 74 0 10 255 254 0 10 97018338
4 175 1 207 27 228 0 4 0 2 0 19 97112597
4 65 1 171 27 32 0 7 0 6 0 16 97210830
4 93 1 151 27 27 0 15 0 1 0 16 97305173
4 186 1 187 26 225 0 17 255 255 0 19 97403323
4 201 1 190 26 243 0 6 0 10 0 15 97497619
4 222 1 114 27 128 0 16 0 4 0 8 97608862
4 129 1 87 27 247 0 11 0 8 0 3 97690245
4 78 0 209 28 28 0 19 255 249 0 10 97826239
4 24 1 3 28 64 0 12 255 255 255 255 97882618
3 230 1 80 28 7 0 15 0 1 0 0 98028294
3 226 0 192 27 10 0 5 0 11 0 1 98070996
3 226 0 41 27 81 0 10 0 7 0 2 98165222
2 207 255 217 27 136 0 17 0 0 0 1 98263566
3 7 0 217 27 150 0 11 255 255 0 3 98357903
2 201 0 10 27 213 0 7 0 8 0 3 98456151
2 161 255 244 28 98 0 14 255 251 0 4 98550488
3 16 0 2 28 68 0 14 255 254 0 0 98651035
2 233 0 243 27 222 0 4 255 252 0 5 98742845
3 79 0 63 27 27 0 8 0 2 255 249 98864635
3 111 0 23 26 215 0 10 0 10 255 236 98935383
3 33 255 237 27 64 0 9 0 3 255 246 99075231
2 138 255 176 27 163 0 11 0 8 255 243 99127929
2 133 0 14 28 2 0 16 255 245 255 247 99276293
2 227 0 222 28 51 0 11 0 6 255 241 99316392
2 249 1 53 28 70 0 14 255 249 255 243 99414664
3 25 0 225 27 126 0 11 0 1 255 239 99508801
2 133 1 9 27 200 0 10 255 251 255 245 99607189
2 251 0 176 27 82 0 8 255 253 255 245 99701299
3 10 0 176 27 129 0 10 255 254 255 248 99795724
3 141 0 111 26 247 0 15 255 252 255 247 99899375
4 9 0 233 27 32 0 10 0 2 255 252 99992233
4 57 1 0 27 141 0 14 0 2 0 1 100112849
4 159 1 20 27 202 0 9 255 249 0 6 100180704
4 215 1 160 27 144 0 9 255 254 0 6 100320530
4 116 1 164 27 123 0 7 0 8 0 9 100373117
4 67 0 228 26 250 0 12 255 254 0 12 100532721
4 139 0 222 26 244 0 19 0 7 0 10 100565639
4 186 0 222 27 84 0 10 255 255 0 3 100659950
4 225 1 56 27 58 0 9 0 11 255 252 100758130
4 124 1 42 27 88 0 10 0 9 255 254 100852469
3 119 1 36 28 89 0 15 0 1 255 255 101044940
3 124 0 227 27 189 0 10 0 3 0 1 101161768
2 249 0 226 27 238 0 10 255 251 0 1 101237500
2 197 0 191 27 115 0 10 255 253 255 250 101369756
2 253 0 232 27 65 0 14 0 3 255 253 101429984
3 77 1 97 27 153 0 17 0 2 0 2 101576891
3 134 1 169 27 113 0 17 0 4 0 4 101618441
3 204 1 191 27 121 0 10 0 0 0 10 101716902
4 6 1 253 27 129 0 11 0 1 0 12 101811012
4 7 2 17 27 138 0 12 0 0 0 17 101909316
4 171 2 7 27 177 0 10 255 252 0 19 102003425
4 137 2 4 27 85 0 7 0 12 0 16 102097738
4 84 1 181 27 138 0 19 255 253 0 27 102207287
4 57 2 43 27 110 0 19 0 1 0 22 102290197
4 131 2 174 27 127 0 20 255 253 0 25 102482672
4 238 3 88 27 80 0 18 255 250 0 23 102647982
5 212 3 152 26 187 0 14 255 255 0 29 102675278
5 233 3 154 27 21 0 10 0 10 0 27 102769442
5 192 3 61 27 206 0 19 0 0 0 25 102867747
5 187 3 42 27 212 0 16 0 4 0 22 102961993
5 130 2 234 27 69 0 18 0 2 0 23 103058443
5 162 3 10 27 16 0 17 255 253 0 28 103154607
5 234 3 1 26 188 0 12 0 3 0 22 103347027
5 244 2 210 27 30 0 17 0 3 0 24 103470768
5 202 2 210 27 86 0 12 0 8 0 23 103535538
5 248 2 184 27 41 0 18 0 1 0 35 103678788
5 246 2 184 26 236 0 10 0 6 0 34 103728027
5 224 2 132 27 31 0 15 0 3 0 35 103891769
6 224 2 120 27 28 0 15 0 5 0 31 103920457
6 40 2 107 26 246 0 11 0 8 0 30 104018692
6 132 2 109 26 189 0 12 0 7 0 33 104112993
6 58 2 96 27 0 0 11 0 6 0 33 104211471
6 62 2 36 27 5 0 11 0 11 0 31 104305438
5 244 1 205 27 19 0 10 0 8 0 29 104399804
5 226 1 105 27 110 0 19 0 1 0 24 104513375
6 17 1 58 27 39 0 17 255 255 0 10 104721044
6 71 1 133 27 61 0 10 0 7 0 7 104784800
6 109 1 147 27 135 0 12 255 255 0 9 104916279
5 172 1 148 27 173 0 9 0 14 255 255 104977405
4 79 1 161 27 164 0 14 0 2 0 4 105135494
3 212 1 56 27 100 0 12 0 6 0 3 105264092
4 29 1 51 27 67 0 10 0 0 0 11 105358420
3 220 1 48 27 76 0 8 0 4 0 8 105456597
4 10 0 236 27 135 0 15 255 255 0 8 105550736
4 134 0 191 27 195 0 7 0 2 0 11 105649096
4 82 0 189 28 42 0 10 255 254 0 8 105745465
4 6 0 234 27 206 0 8 255 251 0 7 105841701
4 125 0 194 27 109 0 9 255 255 0 6 105960747
4 74 0 255 26 251 0 5 0 4 0 8 106030059
4 6 0 205 27 56 0 16 0 1 0 7 106161934
3 233 1 60 27 63 0 12 0 7 255 253 106222618
3 65 0 158 27 130 0 9 0 6 255 245 106415069
3 186 1 27 27 191 0 10 255 248 0 2 106509373
3 191 0 39 27 224 0 11 255 251 255 245 106701924
3 116 0 52 28 17 0 16 0 5 255 237 106800118
3 46 0 68 27 188 0 11 255 251 255 239 106894391
3 6 0 158 27 122 0 15 0 2 255 236 107001580
3 11 0 192 27 127 0 12 255 255 255 237 107086962
3 4 0 192 27 125 0 14 0 0 255 238 107205781
3 23 0 113 27 156 0 8 0 4 255 239 107279381
3 21 255 247 27 116 0 10 0 2 255 244 107412643
2 217 255 202 27 166 0 10 0 2 255 244 107467840
2 172 255 165 27 134 0 11 0 0 255 243 107625958
2 100 255 191 27 103 0 7 0 6 255 245 107660295
2 100 0 40 27 170 0 9 255 255 255 249 107754642
2 175 0 130 27 219 0 14 0 4 255 251 107852901
2 102 0 158 27 182 0 5 0 6 255 248 107947166
2 145 0 76 27 140 0 11 255 252 255 250 108045395
2 233 0 162 27 208 0 10 0 1 255 249 108139698
3 47 0 207 27 198 0 10 0 1 255 251 108246798
3 2 0 168 27 172 0 10 0 5 255 251 108332275
2 181 0 148 27 158 0 12 255 247 255 255 108462530
2 65 0 146 28 49 0 14 0 5 255 246 108524676
2 146 1 44 28 1 0 18 255 246 255 253 108673344
3 68 1 179 27 155 0 14 0 1 0 3 108811544
3 93 1 135 27 104 0 12 0 7 0 1 108909782
3 97 1 73 27 85 0 10 0 3 0 6 109004083
3 97 1 71 27 141 0 10 0 0 0 4 109098147
3 12 1 80 27 143 0 10 0 6 0 2 109196466
3 19 1 70 27 148 0 15 0 0 0 7 109291794
2 237 1 99 27 111 0 10 0 5 0 5 109389047
2 99 1 104 27 182 0 12 0 4 0 6 109577495
2 46 1 108 28 4 0 10 0 0 0 9 109724388
2 119 1 144 27 198 0 12 0 1 0 9 109769918
2 181 1 118 27 147 0 11 0 2 0 10 109868365
3 8 1 145 27 185 0 10 255 255 0 12 109962370
2 218 1 173 27 203 0 11 0 0 0 10 110060885
3 36 1 169 27 195 0 12 255 255 0 14 110150850
3 40 1 196 27 201 0 10 0 0 0 18 110249331
3 187 1 117 27 146 0 15 255 253 0 16 110352728
4 55 1 130 27 99 0 12 0 3 0 10 110441883
4 48 1 163 27 65 0 10 0 0 0 11 110566744
4 17 1 144 27 91 0 12 0 5 0 9 110634237
3 221 1 100 27 106 0 14 0 3 0 12 110782753
3 232 1 156 27 118 0 10 0 4 0 16 110826783
3 223 1 148 27 159 0 16 255 255 0 15 110921047
4 2 1 162 27 159 0 10 0 3 0 12 111015294
4 16 1 163 27 109 0 10 0 0 0 15 111113603
4 63 1 120 27 107 0 10 0 5 0 15 111207730
4 64 1 146 27 169 0 11 0 6 0 16 111306088
3 154 1 146 27 210 0 10 0 3 0 12 111405979
3 40 1 105 27 155 0 6 0 3 0 12 111494634
3 72 1 91 27 181 0 17 255 255 0 19 111619020
2 249 1 108 27 175 0 8 0 3 0 19 111687036
2 159 1 41 27 159 0 12 0 2 0 17 111829704
2 124 1 46 27 101 0 11 0 5 0 10 111879466
2 153 1 92 27 10 0 10 0 5 0 18 112035642
2 118 1 209 27 55 0 10 0 4 0 16 112072072
2 123 1 211 27 124 0 14 0 5 0 14 112166285
2 153 1 249 27 215 0 14 255 253 0 14 112264572
2 137 1 240 28 5 0 14 255 252 0 8 112358942
2 197 1 204 27 220 0 12 0 5 0 2 112457112
2 112 1 210 27 245 0 12 0 1 0 1 112551500
2 108 1 188 27 192 0 10 0 1 255 251 112659043
2 87 1 168 27 185 0 10 0 3 255 254 112743875
2 99 1 117 27 128 0 9 0 2 0 3 112869562
2 246 1 18 27 100 0 5 0 4 255 255 112936374
3 25 0 124 27 235 0 14 0 6 0 5 113070572
2 0 0 163 27 193 0 7 0 7 0 2 113128907
1 98 0 170 27 207 0 8 255 250 0 7 113296662
1 77 0 83 28 41 0 10 255 254 0 3 113317352
2 53 255 250 27 69 0 9 0 9 0 11 113509879
2 10 0 79 26 217 0 6 0 2 0 15 113604153
2 116 0 30 27 55 0 14 0 4 0 10 113702308
2 144 0 30 27 168 0 8 0 5 0 11 113796613
2 232 255 235 28 56 0 17 0 0 0 8 113915628
2 140 0 26 28 50 0 12 0 0 0 0 113989139
2 123 0 26 28 35 0 15 255 252 0 1 114126965
2 141 0 145 27 246 0 10 255 255 0 1 114181740
2 109 0 118 27 164 0 10 0 0 255 248 114374095
2 42 0 120 27 211 0 10 0 1 255 248 114468410
1 234 0 57 27 210 0 10 0 4 255 245 114566711
1 242 255 200 27 202 0 8 0 0 255 243 114660998
2 79 255 127 27 219 0 8 0 1 255 243 114755537
2 149 255 51 27 234 0 10 0 1 255 245 114853441
2 113 255 92 27 164 0 11 0 1 255 242 114965798
2 218 255 93 27 114 0 11 0 1 255 247 115046023
2 105 255 140 27 145 0 9 0 5 255 251 115182351
2 92 255 187 27 242 0 12 0 0 255 252 115234366
2 112 0 24 27 177 0 11 255 253 255 254 115380255
2 232 0 95 27 124 0 8 0 3 0 7 115426893
2 190 0 105 27 82 0 10 0 2 0 17 115525278
2 152 0 114 27 72 0 10 0 1 0 18 115619361
2 152 0 78 27 119 0 9 0 3 0 16 115713706
2 78 255 255 27 123 0 11 0 2 0 16 115815881
2 77 0 15 27 187 0 17 0 3 0 23 115906111
2 114 255 252 27 197 0 16 0 4 0 19 116033432
2 179 0 23 28 0 0 15 0 2 0 16 116098704
2 218 0 25 27 239 0 14 0 2 0 10 116239921
2 130 0 60 27 244 0 10 0 5 0 14 116291299
2 146 0 1 28 64 0 16 255 5 0 15 116385546
2 135 255 236 28 11 0 16 0 6 0 14 116483740
1 213 255 100 27 205 0 14 0 0 0 14 116578070
2 46 255 80 27 175 0 18 0 1 0 20 116770832
1 198 255 93 27 221 0 10 255 255 0 18 116891788
1 172 255 165 27 176 0 8 255 254 0 24 116963012
2 70 255 194 27 136 0 12 255 249 0 22 117106608
2 227 0 216 27 83 0 11 255 251 0 26 117151431
3 245 0 90 27 152 0 8 0 5 0 24 117249880
4 45 0 167 27 160 0 20 0 7 0 27 117343890
3 199 0 212 27 162 0 15 0 0 0 28 117442363
4 21 1 81 27 162 0 17 0 1 0 27 117541915
4 81 1 171 27 52 0 15 0 10 0 30 117634828
4 59 1 179 27 106 0 16 0 1 0 33 117777123
4 2 1 211 27 106 0 7 0 10 0 32 117823225
3 150 1 101 27 151 0 14 255 253 0 28 117921601
3 234 1 67 27 141 0 10 255 254 0 29 118015885
3 214 1 34 27 204 0 10 0 4 0 26 118114133
3 222 0 70 27 148 0 12 0 3 0 25 118213575
3 218 0 70 27 63 0 12 255 252 0 33 118302464
4 131 0 104 27 132 0 20 255 255 0 33 118425948
4 137 0 207 27 216 0 17 0 4 0 33 118495019
4 118 0 193 27 184 0 14 0 2 0 31 118638593
4 99 0 219 27 100 0 11 0 4 0 31 118687565
4 82 0 196 27 126 0 16 255 252 0 32 118781695
4 90 1 55 27 167 0 10 0 1 0 25 118879988
4 48 0 160 27 235 0 10 0 2 0 21 118978445
4 106 0 46 27 141 0 16 0 2 0 21 119072537
5 29 0 18 27 102 0 17 255 252 0 28 119166703
5 67 0 64 27 84 0 12 0 4 0 21 119277531
5 44 0 52 27 60 0 11 0 4 0 14 119359437
5 7 0 4 27 119 0 15 0 5 0 8 119494340
4 7 0 97 27 96 0 10 0 6 0 6 119547775
4 102 0 145 27 149 0 15 0 5 0 3 119715987
3 179 0 122 27 102 0 15 0 9 0 2 119740311
3 77 0 140 27 179 0 16 0 3 0 5 119838584
3 73 0 135 27 124 0 10 0 1 0 2 119936919
3 110 0 168 27 102 0 11 255 255 0 0 120031186
3 128 1 2 27 119 0 10 0 6 255 254 120125373
3 132 0 232 27 119 0 11 0 3 0 7 120219503
3 114 0 186 28 116 0 14 255 254 0 5 120326186
3 22 1 72 28 111 0 12 255 255 255 250 120416141
2 226 1 29 27 215 0 8 0 4 255 249 120535794
2 125 1 44 27 130 0 8 0 2 255 250 120604690
2 186 1 24 27 81 0 9 0 0 255 247 120742987
2 135 1 84 27 101 0 3 0 9 255 243 120797077
2 45 0 215 27 184 0 9 0 4 255 244 120955999
2 86 0 238 27 237 0 12 255 253 255 247 120989647
2 43 0 238 27 253 0 9 0 7 255 243 121083997
2 41 0 146 28 109 0 16 0 5 255 240 121182108
1 147 0 135 28 70 0 10 0 1 255 248 121276435
1 138 0 204 27 220 0 17 255 253 255 251 121370515
1 58 1 42 27 183 0 12 255 249 0 2 121468994
1 159 0 255 27 103 0 14 0 0 255 254 121585307
1 189 1 41 26 210 0 11 0 3 0 5 121661376
2 50 0 175 26 251 0 14 0 0 0 10 121796953
2 116 0 137 27 6 0 10 0 12 0 8 121853997
1 144 0 147 27 40 0 7 0 17 0 11 122014889
1 41 255 225 27 165 0 1 0 8 0 1 122042333
0 248 255 183 27 249 0 4 0 0 0 10 122140791
0 4 0 21 27 237 0 10 0 10 0 15 122234878
0 3 0 199 27 113 0 22 255 10 0 30 122329220
0 220 1 3 26 245 0 16 255 254 0 25 122432235
0 212 1 154 27 233 0 10 0 25 0 15 122525792
0 155 1 233 28 159 0 14 255 243 0 33 122639609
1 15 1 233 27 244 0 12 0 11 0 29 122714208
0 111 1 85 28 3 0 8 0 2 0 21 122855423
0 43 1 40 27 210 0 18 0 3 0 16 122906673
255 34 1 81 27 233 0 14 255 255 0 14 123062143
255 79 1 12 27 50 0 23 255 245 0 23 123099145
255 185 1 234 27 74 0 14 0 0 0 22 123197583
255 240 2 54 27 175 0 15 0 1 0 21 123291734
0 177 2 62 27 192 0 12 255 241 0 27 123386073
1 221 2 70 27 54 0 12 0 4 0 21 123490698
2 105 2 7 27 78 0 10 0 6 0 27 123578502
2 63 1 231 27 193 0 15 0 1 0 27 123710965
2 208 1 188 28 128 0 16 255 250 0 28 123770951
2 254 2 102 28 131 0 14 255 254 0 25 123909592
3 10 2 245 27 128 0 2 0 2 0 20 123959467
3 223 2 214 27 142 0 10 0 6 0 28 124057750
3 168 3 93 27 23 255 253 0 6 0 32 124152071
3 51 2 71 27 15 0 7 0 6 0 29 124250328
3 63 0 172 27 61 0 11 0 3 0 28 124442873
3 81 0 185 27 130 0 17 0 5 0 21 124540145
3 108 0 138 27 156 0 10 0 5 0 19 124631301
2 235 0 194 27 175 0 19 0 7 0 15 124751433
2 53 0 162 27 107 0 18 0 5 0 16 124823735
1 139 0 221 27 91 0 14 255 252 0 18 124955730
1 142 0 147 27 90 0 15 0 12 0 12 125016230
1 80 0 215 27 191 0 17 255 254 0 22 125179187
1 99 1 100 27 164 0 10 0 0 0 19 125208762
2 32 1 43 27 155 0 16 255 252 0 26 125303058
2 233 1 43 27 43 0 18 0 0 0 35 125397194
2 141 2 56 27 238 0 2 0 15 0 30 125495607
1 217 2 140 28 238 0 6 0 4 0 37 125589715
1 143 2 168 27 184 0 9 0 2 0 33 125805062
1 143 2 120 27 171 0 12 255 255 0 30 125880637
2 11 1 167 27 35 0 11 255 252 0 26 126013213
2 137 1 141 27 50 0 18 0 6 0 15 126073015
2 214 2 5 27 154 0 9 255 250 0 15 126224558
3 98 1 232 27 96 0 9 0 3 0 15 126261547
3 45 1 191 27 200 0 9 255 250 0 12 126359878
3 118 1 27 28 119 0 18 0 11 0 11 126454153
2 121 1 107 27 197 0 11 255 246 0 23 126552353
3 79 0 135 26 242 0 16 0 0 0 10 126646528
3 170 1 6 27 25 0 15 255 253 0 14 126740817
4 28 1 10 26 153 0 14 255 254 0 10 126839004
3 246 1 57 26 237 0 11 0 2 0 12 126933506
4 107 1 129 28 135 0 12 255 253 0 6 127057307
3 224 1 123 28 59 0 5 0 4 0 15 127125839
3 131 1 177 28 42 0 12 0 1 0 12 127260782
3 199 1 214 27 207 0 10 0 5 0 7 127318390
4 166 2 90 26 193 0 10 0 6 0 5 127506728
4 161 2 37 26 221 0 9 0 9 255 254 127605190
4 218 1 218 27 37 0 10 0 6 255 251 127699412
4 71 1 73 26 250 0 7 0 4 255 246 127797571
3 149 1 165 27 233 0 9 0 7 255 242 127891807
2 35 1 71 28 103 0 8 255 254 255 248 127990104
2 152 1 16 28 40 0 20 255 240 255 249 128084333
2 200 1 63 27 0 0 7 0 1 0 3 128182760
3 118 0 89 27 16 0 10 0 8 0 1 128288136
3 59 0 159 26 211 0 7 0 9 0 4 128371036
2 170 0 85 27 159 0 11 0 8 255 254 128502198
2 9 0 165 28 26 0 10 0 5 0 6 128563624
1 60 0 180 28 66 0 12 255 255 0 8 128713330
1 122 0 239 27 219 0 17 255 245 0 3 128756159
1 180 0 229 27 78 0 7 255 252 0 8 128912350
2 148 0 202 27 150 0 15 0 9 0 1 128948660
2 91 0 163 27 190 0 12 255 255 255 250 129235479
2 87 0 211 27 227 0 14 255 252 255 249 129333654
2 189 0 131 28 126 0 15 0 0 255 246 129427997
2 221 0 184 28 29 0 10 255 250 255 237 129539033
2 198 0 170 27 181 0 10 0 0 255 244 129620460
3 38 255 234 27 22 0 12 0 0 255 244 129752427
2 245 255 240 27 29 0 8 0 10 255 244 129812955
2 39 255 112 27 36 0 10 0 4 255 243 129944331
2 44 255 110 27 90 0 10 0 2 255 240 130001454
1 224 255 128 27 187 0 10 0 5 255 236 130171577
2 153 0 76 28 89 0 12 255 251 255 247 130193896
2 223 0 140 28 71 0 6 0 1 255 242 130288164
2 160 0 155 27 128 0 7 255 254 255 247 130386496
2 64 0 127 26 243 0 3 0 4 255 245 130480725
1 252 255 227 27 72 0 17 0 9 255 234 130580461
1 225 0 25 27 137 0 14 0 0 255 244 130673214
1 166 255 235 27 141 0 10 0 5 255 240 130784396
1 77 0 153 27 170 0 10 0 1 255 238 130865817
0 227 0 99 27 241 0 10 255 252 255 234 130990542
1 148 0 255 28 206 0 18 255 243 255 234 131058220
1 186 1 12 28 43 0 11 255 250 255 241 131193830
2 28 0 248 27 65 0 8 0 4 255 240 131250752
2 80 0 34 27 57 0 11 0 8 255 249 131414562
1 217 0 81 27 134 0 14 0 10 255 249 131439183
1 125 0 37 27 103 0 10 0 0 255 252 131537553
1 152 0 47 27 127 0 10 0 5 255 251 131631753
1 155 0 19 27 152 0 11 255 253 0 3 131730090
2 11 255 239 27 186 0 10 0 2 0 5 131824863
2 125 0 148 28 87 0 9 255 255 255 255 131922619
2 64 0 149 27 145 0 8 0 3 0 8 132032531
1 173 0 231 27 48 0 8 255 255 0 7 132111041
2 78 0 164 27 101 0 16 0 6 0 1 132244833
2 38 1 9 27 163 0 10 0 9 0 3 132303440
2 7 0 227 27 132 0 10 0 5 0 0 132445103
1 235 0 195 28 25 0 14 0 4 255 253 132496003
1 239 0 167 28 37 0 10 0 5 255 254 132590360
1 145 0 194 28 189 0 11 0 0 255 248 132688589
1 39 0 227 28 39 0 10 255 250 0 0 132782848
1 0 0 227 28 11 0 19 255 254 0 1 132876986
1 44 0 53 27 73 0 12 255 249 0 1 132975386
1 122 255 206 27 86 0 10 0 10 255 249 133078734
1 46 255 211 27 51 0 11 255 254 255 255 133167727
1 95 255 233 27 44 0 12 0 3 255 255 133274876
1 47 255 192 27 44 0 9 0 5 0 4 133356265
1 87 255 117 27 167 0 9 255 247 0 9 133498230
2 183 255 33 28 176 0 10 0 4 0 2 133548811
2 46 255 92 27 235 0 0 255 254 0 6 133713829
2 178 255 24 27 150 0 11 255 249 0 17 133741450
2 184 255 111 27 151 0 15 0 2 0 18 133839664
2 190 255 46 27 163 0 16 255 255 0 14 133933804
2 166 255 155 27 108 0 10 255 255 0 11 134028065
3 77 255 212 27 47 0 14 255 255 0 4 134126980
3 82 255 172 27 60 0 9 0 8 0 5 134220667
3 59 255 146 27 125 0 14 255 252 0 8 134328819
3 156 255 104 27 136 0 14 0 5 0 5 134413150
3 57 255 113 28 37 0 16 255 250 0 8 134551556
3 204 255 111 27 203 0 14 255 252 0 9 134605534
3 143 255 188 27 198 0 10 0 0 0 3 134740822
3 212 255 101 26 211 0 9 0 5 0 2 134798121
3 34 254 252 27 89 0 10 0 14 0 4 134892428
2 143 255 28 27 131 0 17 0 8 0 6 134990666
2 76 255 51 27 215 0 15 0 0 0 8 135084926
2 40 254 171 27 167 0 17 0 2 0 5 135183191
2 79 254 232 27 197 0 16 255 250 0 7 135277408
3 99 255 4 28 105 0 14 0 6 0 4 135378690
2 193 0 60 28 191 0 20 0 11 255 252 135465873
1 209 255 182 27 221 0 7 255 254 0 2 135576249
1 95 255 243 27 221 0 7 255 249 0 0 135658512
2 35 255 162 26 236 0 10 0 3 255 250 135792582
2 111 255 254 26 238 0 10 0 2 255 255 135850856
2 171 255 136 27 75 0 17 0 2 255 251 136001678
2 17 255 167 27 128 0 11 0 7 255 240 136043377
1 169 255 123 27 200 0 10 0 0 255 237 136137626
1 218 255 79 28 58 0 19 0 0 255 236 136236007
1 146 255 154 28 7 0 11 255 255 255 238 136330228
0 185 255 105 28 34 0 14 0 2 255 228 136428442
0 243 255 4 27 128 0 12 255 253 255 233 136522726
1 105 255 65 27 126 0 17 0 0 255 235 136618010
1 172 255 103 27 80 0 12 0 2 255 238 136715200
2 35 255 241 27 44 0 22 0 3 255 242 136815938
1 218 0 174 27 234 0 7 0 7 255 245 136907746
1 172 0 74 27 216 0 8 255 250 255 248 137028568
1 213 0 159 28 38 0 17 255 249 255 237 137100263
1 152 0 226 27 207 0 9 255 248 255 243 137244667
1 230 1 61 27 167 0 8 0 6 255 244 137382898
2 73 1 137 27 165 0 7 255 255 255 243 137481299
2 146 1 171 27 163 0 6 0 5 255 255 137575527
2 142 1 6 27 188 0 10 0 8 0 2 137673688
1 201 1 39 28 77 0 14 0 0 0 2 137767939
1 232 1 92 28 66 0 10 255 251 0 1 137866210
1 217 1 38 28 25 0 12 0 4 0 7 137960478
1 185 1 7 27 160 0 16 255 247 0 18 138084449
1 234 0 222 27 182 0 10 0 3 0 11 138152981
2 40 0 208 27 174 0 16 255 254 0 11 138288590
2 108 1 64 27 78 0 15 0 1 0 15 138345535
2 147 1 106 27 95 0 16 255 255 0 22 138514336
3 11 1 123 27 63 0 14 255 252 0 28 138533992
3 171 1 105 27 172 0 15 0 0 0 32 138632265
3 199 1 220 27 106 0 14 0 2 0 36 138730527
2 252 2 47 27 95 0 11 0 3 0 37 138824825
2 216 1 206 27 39 0 11 255 254 0 30 138930992
2 176 2 17 27 18 0 11 255 255 0 30 139017386
3 43 1 253 27 125 0 20 0 6 0 29 139138865
3 118 2 253 27 35 0 11 0 4 0 25 139205738
3 142 2 7 27 28 0 10 0 9 0 26 139344614
3 117 2 41 27 93 0 17 0 3 0 23 139398244
3 79 2 74 27 123 0 10 0 3 0 18 139555774
2 216 2 86 27 183 0 11 0 6 0 10 139590687
2 160 1 116 28 38 0 15 255 253 0 18 139689136
2 70 1 77 27 207 0 10 255 254 0 12 139783207
2 138 0 151 27 173 0 7 0 1 0 12 139877581
2 83 0 108 27 159 0 9 0 3 0 10 139975741
2 218 0 62 27 121 0 15 0 0 0 12 140070064
3 83 0 166 27 141 0 10 0 2 0 19 140179634
3 131 0 90 27 128 0 10 0 7 0 18 140262557
3 40 0 119 27 211 0 11 0 1 0 22 140388415
3 89 0 52 28 30 0 12 0 0 0 23 140454999
3 39 0 74 28 3 0 29 255 252 0 26 140590248
3 39 1 44 28 22 0 19 255 252 0 27 140643529
3 239 1 99 27 54 0 14 255 253 0 26 140801169
4 98 1 72 26 189 0 9 0 9 0 20 140836021
4 40 1 127 26 250 0 14 0 2 0 23 140934443
4 73 1 237 26 181 0 12 0 10 0 16 141028567
3 231 1 222 27 102 0 10 0 9 0 10 141122852
3 140 1 170 27 174 0 11 0 3 0 8 141221002
2 229 1 247 27 246 0 10 255 252 0 14 141428708
2 231 1 201 27 253 0 12 0 0 0 14 141507888
3 184 1 0 27 32 0 11 0 10 0 7 141700403
3 199 1 32 27 7 0 10 255 255 0 9 141832295
3 172 1 47 27 27 0 12 0 5 0 7 141892851
3 97 1 113 27 117 0 10 0 0 0 12 142038230
3 223 1 42 27 154 0 10 0 6 0 10 142085415
4 37 1 2 28 23 0 9 0 1 0 15 142179716
3 226 1 49 28 8 0 10 0 9 0 14 142277899
2 245 1 133 27 200 0 1 255 251 0 17 142372220
2 190 1 45 27 144 0 10 255 255 0 9 142467368
3 43 0 248 27 7 0 9 255 253 0 10 142564744
3 206 0 245 27 62 0 12 0 4 0 10 142666894
3 242 0 245 27 28 0 9 0 3 0 19 142753127
4 36 0 144 27 11 0 16 0 0 0 12 142877835
4 16 0 135 27 114 0 11 0 6 0 12 142945710
3 164 0 116 28 3 0 10 0 1 0 9 143086462
3 91 0 152 27 170 0 10 0 3 0 16 143138173
2 204 0 101 28 17 0 17 255 252 0 14 143286944
2 235 0 132 27 141 0 14 255 250 0 14 143330735
3 58 0 71 27 163 0 10 0 11 0 10 143424857
3 75 1 3 27 156 0 14 255 253 0 16 143523198
3 56 0 196 27 157 0 8 0 1 0 17 143617498
3 64 0 33 26 224 0 9 0 2 0 20 143711566
3 139 255 214 27 60 0 9 255 250 0 18 143809977
3 131 255 237 27 229 0 10 0 2 0 10 143912552
3 216 255 236 27 234 0 10 255 249 0 21 144002491
3 249 255 244 27 78 0 10 0 5 0 20 144124823
3 219 0 70 27 24 0 14 0 2 0 25 144190987
4 57 255 192 27 29 0 17 0 2 0 22 144346084
4 89 0 86 27 64 0 16 0 5 0 15 144383426
4 121 0 60 27 52 0 12 0 7 0 6 144549122
3 243 1 42 27 180 0 15 0 0 0 2 144575851
3 156 1 60 28 81 0 11 255 241 0 1 144674292
4 45 1 30 27 97 0 17 255 247 255 247 144768409
4 91 1 125 26 201 0 11 255 246 255 249 144866843
4 214 1 141 26 53 0 11 0 0 255 251 144965773
4 211 1 70 26 189 0 8 0 8 255 254 145055167
4 244 0 199 27 115 0 16 0 9 0 4 145158332
4 135 0 252 28 58 0 18 0 9 0 2 145247800
4 75 1 69 28 71 0 19 0 1 0 1 145372858
4 240 2 2 27 71 0 19 0 3 0 6 145440333
4 144 2 126 27 57 0 6 0 14 0 8 145580324
4 86 2 120 26 246 0 9 0 5 0 16 145632811
3 238 2 79 27 111 0 12 0 5 0 9 145776198
3 136 1 225 28 59 0 10 0 18 0 10 145825245
2 169 2 24 28 114 0 16 0 8 0 8 145919613
2 155 2 24 27 221 0 11 255 255 0 5 146013727
2 26 2 89 27 99 0 3 0 10 0 5 146112109
1 160 2 35 27 105 0 10 0 1 0 9 146206140
1 168 2 37 27 84 0 16 255 249 0 14 146300518
2 61 1 202 27 18 0 12 0 2 0 5 146409894
2 238 1 175 27 60 0 1 0 14 0 5 146493073
1 33 0 215 27 165 0 15 0 3 0 3 146685545
0 181 0 179 27 212 0 10 255 254 0 0 146820721
0 253 0 205 28 26 0 4 0 3 0 0 146877932
0 255 0 209 28 36 0 9 0 0 0 4 147036267
1 24 0 146 27 205 0 11 0 0 0 3 147070485
1 29 0 33 27 171 0 8 0 7 0 7 147168841
0 165 255 97 27 138 0 12 255 254 0 7 147357383
0 91 255 131 27 197 0 10 0 8 0 1 147549757
255 200 255 126 28 35 0 12 0 4 0 1 147659335
255 246 255 111 27 250 0 12 0 0 0 1 147742364
255 243 255 96 27 216 0 15 0 3 0 5 147864388
255 255 255 177 27 133 0 10 255 255 0 4 147934945
0 30 255 228 27 68 0 14 0 1 0 3 148078383
0 55 0 79 27 83 0 11 0 5 0 5 148123264
0 15 0 36 27 137 0 10 0 3 0 7 148221585
255 220 0 82 27 167 0 11 0 5 0 8 148315892
255 145 0 42 28 15 0 10 0 3 0 10 148414138
255 31 0 33 28 5 0 12 0 6 0 9 148508318
254 241 0 118 27 187 0 14 255 255 0 10 148606707
255 22 0 123 27 81 0 14 0 5 0 9 148705585
255 46 0 167 27 130 0 15 0 2 0 11 148795069
255 119 0 150 27 199 0 16 255 254 0 9 148922156
255 110 0 159 27 217 0 10 0 5 0 1 148987639
255 124 1 21 27 245 0 14 255 254 0 6 149132586
254 254 1 159 27 165 0 11 0 1 0 4 149340287
255 4 1 133 27 143 0 12 0 4 0 3 149372612
254 198 1 133 27 163 0 12 0 1 0 6 149466957
254 225 1 88 27 122 0 16 0 1 0 5 149565121
254 212 1 170 27 147 0 10 0 0 0 4 149659445
254 253 1 187 27 118 0 10 0 5 0 2 149757370
254 224 1 247 27 117 0 14 0 4 0 3 149852018
254 247 1 248 27 119 0 15 255 253 0 5 149972575
255 28 1 232 27 125 0 10 0 7 0 2 150044486
254 253 1 216 27 98 0 14 0 3 0 4 150179851
255 26 2 81 27 137 0 14 0 2 0 5 150232823
254 241 2 68 27 173 0 11 0 1 0 5 150393600
254 233 2 92 27 180 0 9 0 1 255 255 150425305
255 22 2 87 27 206 0 7 0 5 0 1 150519732
254 161 2 2 27 221 0 15 0 0 0 6 150617901
254 99 2 86 27 154 0 10 255 251 0 7 150712228
255 11 2 43 27 4 0 12 255 254 0 5 150814166
255 63 2 49 26 209 0 10 0 7 0 4 150904685
255 0 2 42 26 192 0 9 0 9 0 3 151024193
254 165 2 52 27 93 0 8 0 8 0 3 151097234
254 22 1 255 27 211 0 12 0 1 0 6 151225482
253 205 1 226 28 0 0 11 0 0 0 5 151289682
253 145 1 204 27 173 0 11 255 251 0 4 151448057
254 9 1 169 27 44 0 12 0 2 0 1 151482149
254 41 1 212 27 91 0 12 0 0 0 5 151576530
254 65 1 192 27 90 0 11 0 3 0 5 151670642
