238 0 43 0 32 247 0 0 248 255 0 0 1647941
80 0 81 255 108 252 253 255 249 255 1 0 1836314
43 0 65 255 152 253 253 255 248 255 1 0 1934596
220 255 15 255 28 254 253 255 249 255 1 0 2028931
241 255 35 255 133 254 252 255 249 255 2 0 2127139
23 0 192 255 16 255 252 255 250 255 2 0 2221381
173 255 217 255 109 255 252 255 252 255 2 0 2319645
2 1 12 0 79 255 254 255 248 255 1 0 2409794
237 0 228 254 59 255 253 255 246 255 1 0 2508212
104 0 214 255 69 255 254 255 247 255 0 0 2602335
61 0 135 0 2 0 0 0 248 255 0 0 2702150
26 0 195 255 113 0 2 0 247 255 0 0 2794895
145 255 28 255 70 0 2 0 249 255 1 0 2893160
77 0 2 255 194 0 0 0 248 255 1 0 2987712
172 255 150 254 237 0 0 0 250 255 3 0 3085749
161 255 68 254 254 0 254 255 252 255 5 0 3179968
32 255 60 255 122 0 254 255 253 255 6 0 3278291
101 255 71 0 116 0 255 255 253 255 3 0 3372449
82 255 87 0 70 0 255 255 253 255 0 0 3466636
17 255 16 0 0 0 254 255 255 255 0 0 3561031
74 255 245 255 176 255 253 255 255 255 0 0 3659228
85 255 139 255 124 255 253 255 0 0 2 0 3753367
79 255 141 255 103 255 253 255 0 0 3 0 3851724
49 255 32 0 95 255 254 255 0 0 2 0 3949979
185 254 33 0 34 255 254 255 2 0 1 0 4044326
234 254 16 0 208 254 254 255 2 0 0 0 4138506
181 254 11 0 185 254 254 255 2 0 0 0 4232710
185 254 174 255 255 254 254 255 3 0 0 0 4330968
193 254 111 255 126 255 254 255 3 0 0 0 4429298
20 255 125 255 209 255 254 255 3 0 0 0 4523487
87 255 95 255 180 255 253 255 3 0 0 0 4711917
102 255 94 255 157 255 254 255 3 0 1 0 4810237
143 255 146 255 184 255 254 255 3 0 1 0 4908541
183 255 171 255 220 255 254 255 3 0 0 0 5002760
169 255 192 255 220 255 253 255 2 0 0 0 5097038
120 255 210 255 224 255 253 255 2 0 0 0 5191247
136 255 227 255 225 255 253 255 3 0 0 0 5289472
130 255 235 255 223 255 253 255 3 0 0 0 5383693
119 255 209 255 223 255 253 255 3 0 0 0 5481997
131 255 170 255 246 255 253 255 3 0 0 0 5576292
111 255 154 255 244 255 253 255 3 0 0 0 5674533
107 255 162 255 226 255 253 255 3 0 0 0 5768737
114 255 180 255 224 255 253 255 3 0 0 0 5863004
127 255 209 255 240 255 254 255 3 0 0 0 5961245
129 255 216 255 234 255 254 255 3 0 0 0 6055455
149 255 217 255 227 255 254 255 3 0 0 0 6153737
147 255 220 255 237 255 254 255 2 0 0 0 6248010
135 255 215 255 238 255 254 255 2 0 0 0 6342246
135 255 197 255 239 255 254 255 2 0 0 0 6440493
148 255 167 255 226 255 254 255 3 0 1 0 6534729
154 255 168 255 239 255 254 255 2 0 1 0 6633076
130 255 168 255 242 255 253 255 2 0 1 0 6727225
109 255 172 255 241 255 254 255 2 0 1 0 6825611
102 255 164 255 224 255 254 255 3 0 1 0 6919758
127 255 177 255 192 255 254 255 3 0 1 0 7018084
149 255 208 255 213 255 254 255 2 0 0 0 7112326
141 255 223 255 245 255 254 255 2 0 0 0 7206509
116 255 244 255 246 255 254 255 2 0 0 0 7304834
109 255 3 0 238 255 255 255 3 0 0 0 7399052
56 255 63 0 197 255 0 0 3 0 0 0 7497362
139 255 126 0 212 255 0 0 3 0 0 0 7591596
194 255 120 0 250 255 2 0 2 0 255 255 7685793
182 255 139 0 241 255 5 0 2 0 255 255 7784140
199 255 100 0 229 255 9 0 2 0 255 255 7878310
251 255 17 0 236 255 13 0 1 0 0 0 7972567
198 255 160 255 0 0 17 0 1 0 0 0 8070823
176 255 50 255 255 255 22 0 1 0 1 0 8165068
162 255 254 254 232 255 27 0 0 0 1 0 8263349
222 255 203 254 225 255 31 0 0 0 2 0 8357623
36 0 215 254 244 255 36 0 0 0 2 0 8455867
69 0 249 254 244 255 42 0 0 0 2 0 8550119
108 0 225 254 234 255 47 0 0 0 1 0 8644297
171 0 170 254 208 255 53 0 0 0 1 0 8742654
169 0 143 254 246 255 59 0 0 0 2 0 8836859
188 0 133 254 241 255 64 0 0 0 2 0 8935145
197 0 139 254 214 255 70 0 0 0 2 0 9029362
211 0 144 254 211 255 76 0 0 0 1 0 9123570
206 0 119 254 229 255 80 0 0 0 1 0 9221873
165 0 136 254 200 255 85 0 0 0 1 0 9316150
165 0 200 254 208 255 90 0 0 0 1 0 9414451
161 0 30 255 206 255 95 0 0 0 1 0 9508630
192 0 144 255 195 255 101 0 0 0 1 0 9602808
246 0 148 255 209 255 107 0 0 0 2 0 9701130
55 1 102 255 226 255 112 0 0 0 2 0 9795412
63 1 23 255 234 255 116 0 255 255 3 0 9893722
224 0 255 255 243 255 121 0 0 0 3 0 9987902
135 0 246 254 253 255 125 0 0 0 3 0 10082128
177 0 14 255 203 255 132 0 0 0 2 0 10278807
121 0 231 254 170 255 137 0 2 0 2 0 10368855
57 1 210 254 19 0 141 0 1 0 2 0 10467159
112 1 136 254 30 0 144 0 1 0 2 0 10565461
173 1 173 254 78 0 149 0 0 0 2 0 10659649
130 1 13 255 90 0 153 0 0 0 1 0 10753924
118 1 118 255 23 0 158 0 1 0 0 0 10852279
132 1 106 255 227 0 162 0 1 0 0 0 10946394
160 1 65 255 233 0 165 0 1 0 0 0 11040618
147 1 36 255 253 255 169 0 1 0 1 0 11138981
82 1 57 255 250 255 172 0 1 0 1 0 11233150
77 1 15 255 229 255 175 0 2 0 1 0 11331515
33 1 10 255 188 255 178 0 2 0 1 0 11429808
95 1 44 255 184 255 181 0 2 0 1 0 11523969
166 1 103 255 184 255 182 0 1 0 1 0 11618321
196 1 108 255 192 255 184 0 1 0 0 0 11712480
14 2 90 255 209 255 187 0 0 0 0 0 11810733
31 2 71 255 192 255 189 0 0 0 0 0 11905016
40 2 55 255 189 255 191 0 0 0 0 0 12003227
70 2 44 255 204 255 194 0 254 255 0 0 12097494
44 2 18 255 215 255 197 0 254 255 1 0 12191665
4 2 42 255 244 255 200 0 254 255 1 0 12289961
237 1 72 255 240 255 203 0 254 255 1 0 12384279
213 1 73 255 233 255 206 0 254 255 1 0 12482545
224 1 21 255 239 255 210 0 254 255 1 0 12580829
232 1 230 254 227 255 213 0 254 255 2 0 12670984
0 2 239 254 200 255 216 0 254 255 3 0 12769314
233 1 65 255 203 255 220 0 254 255 3 0 12867559
4 2 123 255 214 255 225 0 254 255 2 0 12961788
34 2 152 255 226 255 229 0 254 255 2 0 13055998
30 2 206 255 218 255 233 0 254 255 2 0 13154339
248 1 228 255 210 255 238 0 254 255 1 0 13248521
249 1 243 255 244 255 244 0 254 255 1 0 13346811
2 2 176 255 240 255 1 1 254 255 0 0 13633632
34 2 145 255 206 255 6 1 254 255 0 0 13727772
74 2 164 255 209 255 10 1 253 255 0 0 13826047
31 2 234 255 0 0 15 1 254 255 0 0 13920297
29 2 12 0 254 255 21 1 254 255 0 0 14014521
38 2 3 0 235 255 25 1 254 255 0 0 14112820
44 2 226 255 199 255 30 1 254 255 0 0 14207058
58 2 237 255 183 255 35 1 254 255 0 0 14305316
111 2 248 255 241 255 40 1 253 255 0 0 14399532
135 2 195 255 2 0 45 1 253 255 0 0 14493811
151 2 210 255 214 255 50 1 252 255 0 0 14592103
133 2 6 0 243 255 55 1 252 255 255 255 14690385
101 2 238 255 24 0 199 254 251 255 255 255 14784612
62 2 246 255 24 0 202 254 251 255 255 255 14878845
44 2 28 0 23 0 206 254 252 255 254 255 14973067
62 2 20 0 250 255 209 254 252 255 254 255 15071395
3 2 255 255 202 255 212 254 252 255 255 255 15165583
205 1 72 0 240 255 214 254 252 255 255 255 15263904
172 1 140 0 198 255 216 254 253 255 0 0 15358107
248 1 212 0 243 255 219 254 252 255 0 0 15452282
1 2 4 1 252 255 222 254 252 255 0 0 15550658
1 2 42 1 22 0 224 254 253 255 0 0 15648950
21 2 15 1 48 0 226 254 252 255 0 0 15739098
3 2 51 1 2 0 227 254 251 255 0 0 15837365
251 1 78 1 236 255 228 254 251 255 0 0 15931778
214 1 76 1 191 255 229 254 251 255 0 0 16029896
215 1 159 1 222 255 231 254 251 255 0 0 16124097
15 2 221 1 222 255 231 254 250 255 255 255 16222408
61 2 129 1 221 255 232 254 249 255 255 255 16316659
46 2 244 0 26 0 233 254 249 255 0 0 16414942
130 2 129 0 51 0 234 254 249 255 0 0 16509111
203 2 86 0 34 0 236 254 248 255 0 0 16607477
3 2 166 0 251 255 237 254 247 255 0 0 16697582
222 2 22 1 9 0 238 254 248 255 0 0 16795841
226 2 249 0 46 0 240 254 248 255 255 255 16894286
210 2 178 0 12 0 240 254 248 255 0 0 16988404
248 2 108 0 251 255 239 254 247 255 0 0 17086711
146 2 100 0 245 255 239 254 248 255 0 0 17180910
53 2 190 0 48 0 238 254 250 255 0 0 17275155
9 2 195 0 32 0 238 254 250 255 255 255 17369359
88 1 203 0 2 0 239 254 253 255 255 255 17467688
49 1 184 0 239 255 240 254 254 255 255 255 17565966
52 1 162 0 218 255 241 254 254 255 255 255 17660275
222 0 135 0 164 255 241 254 255 255 255 255 17754392
8 1 201 0 154 255 242 254 0 0 255 255 17852733
125 1 232 0 185 255 243 254 0 0 255 255 17946957
149 1 203 0 183 255 243 254 0 0 254 255 18041134
166 1 171 0 196 255 243 254 0 0 254 255 18139432
97 1 142 0 227 255 243 254 0 0 255 255 18233687
33 1 162 0 4 0 243 254 2 0 255 255 18331953
38 1 126 0 77 0 243 254 2 0 255 255 18426272
144 0 115 0 231 255 244 254 2 0 255 255 18524518
107 0 126 0 4 0 245 254 4 0 0 255 18618706
67 0 130 0 248 255 246 254 4 0 0 0 18717007
3 0 131 0 189 255 247 254 5 0 0 0 18811301
102 0 159 0 192 255 249 254 5 0 0 0 18905484
147 0 234 0 231 255 251 254 4 0 255 255 19003733
167 0 20 1 242 255 254 254 4 0 255 255 19098002
232 0 246 0 220 255 1 255 5 0 255 255 19196293
51 1 208 0 239 255 4 255 4 0 0 0 19290465
58 1 189 0 13 0 7 255 3 0 0 0 19384755
72 1 217 0 33 0 12 255 3 0 0 0 19483006
14 1 126 0 222 255 16 255 3 0 0 0 19577240
26 1 66 0 0 0 20 255 3 0 1 0 19671503
250 0 3 0 225 255 24 255 2 0 1 0 19769823
190 0 202 255 161 255 29 255 3 0 1 0 19868067
142 0 208 255 172 255 34 255 3 0 2 0 19958299
160 0 184 255 246 255 38 255 4 0 2 0 20060650
175 0 85 255 236 255 43 255 3 0 3 0 20154855
237 0 100 255 255 255 47 255 4 0 3 0 20249065
36 1 111 255 233 255 52 255 4 0 2 0 20347363
97 1 147 255 159 255 56 255 4 0 2 0 20441595
112 1 188 255 160 255 60 255 3 0 1 0 20535774
74 1 202 255 225 255 64 255 4 0 1 0 20629976
50 1 61 0 32 0 68 255 4 0 0 0 20728305
240 0 144 0 213 255 72 255 4 0 255 255 20822528
3 1 211 0 231 255 76 255 4 0 254 255 20920782
193 0 156 0 57 0 81 255 4 0 253 255 21015027
114 0 89 0 40 0 86 255 5 0 253 255 21113371
76 0 153 0 229 255 91 255 6 0 253 255 21207613
45 0 202 0 174 255 97 255 6 0 253 255 21301815
56 0 4 1 214 255 104 255 7 0 252 255 21400100
52 0 208 0 229 255 110 255 7 0 253 255 21494307
67 0 109 0 249 255 117 255 6 0 254 255 21592627
62 0 57 0 76 0 125 255 6 0 255 255 21686837
156 0 169 255 10 0 140 255 6 0 0 0 21879326
251 0 154 255 220 255 148 255 6 0 0 0 21977656
61 1 137 255 220 255 156 255 6 0 0 0 22071892
65 1 114 255 225 255 169 255 5 0 0 0 22264398
51 1 122 255 193 255 176 255 5 0 0 0 22358859
64 1 133 255 157 255 183 255 5 0 0 0 22456920
113 1 129 255 158 255 189 255 4 0 1 0 22551158
148 1 163 255 185 255 195 255 4 0 1 0 22649433
171 1 204 255 213 255 200 255 3 0 0 0 22739498
166 1 243 255 203 255 206 255 2 0 0 0 22837893
208 1 0 0 229 255 210 255 2 0 0 0 22936158
251 1 242 255 22 0 214 255 2 0 0 0 23026326
242 1 204 255 244 255 217 255 2 0 0 0 23124662
14 2 160 255 186 255 220 255 2 0 1 0 23222977
120 2 217 255 205 255 223 255 1 0 1 0 23317128
70 2 31 0 181 255 226 255 1 0 1 0 23415435
159 1 59 0 247 255 227 255 3 0 0 0 23509674
144 1 109 0 68 0 229 255 4 0 0 0 23603956
110 1 4 0 52 0 231 255 5 0 1 0 23698105
54 1 195 255 229 255 232 255 5 0 1 0 23796425
29 1 184 255 136 255 232 255 6 0 1 0 23890713
26 1 244 255 90 255 233 255 6 0 2 0 23988932
91 1 104 0 189 255 233 255 6 0 2 0 24087295
78 1 91 0 8 0 234 255 5 0 2 0 24181448
26 1 93 0 239 255 234 255 6 0 2 0 24275748
41 1 68 0 209 255 234 255 6 0 2 0 24369891
125 1 54 0 165 255 234 255 5 0 3 0 24468169
199 1 131 0 155 255 235 255 5 0 3 0 24566544
4 2 147 0 161 255 237 255 3 0 3 0 24660739
238 1 133 0 19 0 238 255 2 0 3 0 24754952
103 1 163 0 104 0 239 255 4 0 2 0 24853272
228 0 245 255 49 0 240 255 4 0 3 0 24947512
233 0 157 255 241 255 240 255 5 0 4 0 25041719
247 0 101 255 197 255 240 255 6 0 4 0 25139984
27 1 35 255 140 255 239 255 6 0 5 0 25238262
156 1 67 255 180 255 240 255 4 0 5 0 25332457
244 1 106 255 196 255 240 255 3 0 5 0 25426736
53 2 163 255 162 255 239 255 3 0 4 0 25520933
86 2 179 255 179 255 237 255 1 0 4 0 25619291
247 1 185 255 46 0 236 255 1 0 4 0 25713429
130 1 14 0 114 0 234 255 1 0 4 0 25811833
5 1 34 0 39 0 232 255 2 0 3 0 25906032
205 0 31 0 21 0 230 255 3 0 3 0 26000238
125 0 54 0 4 0 230 255 4 0 3 0 26098543
193 0 83 0 203 255 229 255 4 0 3 0 26192737
245 0 113 0 189 255 229 255 3 0 3 0 26291043
32 1 143 0 229 255 228 255 3 0 3 0 26385292
30 1 149 0 245 255 228 255 3 0 3 0 26483584
9 1 108 0 34 255 227 255 3 0 3 0 26577805
19 1 97 0 165 0 227 255 3 0 3 0 26671973
102 0 15 0 16 0 227 255 4 0 3 0 26770237
255 255 202 255 255 255 228 255 5 0 4 0 26868592
212 255 191 255 219 255 228 255 5 0 4 0 26958724
29 0 221 255 201 255 229 255 6 0 4 0 27057042
104 0 232 255 163 255 229 255 5 0 3 0 27155350
167 0 195 255 146 255 229 255 5 0 4 0 27249566
253 0 155 255 137 255 229 255 4 0 4 0 27343774
38 1 119 255 171 255 228 255 4 0 4 0 27442082
153 1 122 255 23 0 227 255 3 0 5 0 27536366
117 1 232 255 110 0 227 255 3 0 4 0 27634619
200 0 32 0 41 0 227 255 3 0 3 0 27728843
89 0 230 255 206 255 226 255 5 0 3 0 27823103
194 0 93 0 176 255 226 255 4 0 2 0 28015587
197 0 140 0 224 255 225 255 5 0 2 0 28113843
24 1 91 0 188 255 224 255 4 0 2 0 28208048
65 1 34 0 188 255 224 255 3 0 3 0 28302274
96 1 96 0 223 255 224 255 3 0 3 0 28400593
171 1 125 0 38 0 224 255 2 0 3 0 28494765
167 1 79 0 95 0 225 255 2 0 4 0 28589018
74 1 80 0 23 0 225 255 2 0 4 0 28687306
228 0 225 255 30 0 225 255 2 0 4 0 28785643
59 0 119 255 14 0 226 255 3 0 5 0 28879906
196 0 125 255 149 255 226 255 3 0 5 0 29166635
207 0 145 255 197 255 226 255 3 0 5 0 29260886
169 0 169 255 239 255 225 255 3 0 5 0 29359125
248 0 184 255 14 0 223 255 3 0 5 0 29457437
246 0 231 255 28 0 222 255 3 0 4 0 29551648
123 0 26 0 224 255 221 255 3 0 3 0 29645905
0 0 24 0 10 0 219 255 4 0 3 0 29744166
253 0 155 0 251 255 218 255 5 0 3 0 29932623
33 0 194 0 186 255 218 255 4 0 2 0 30030898
82 0 207 0 219 255 218 255 4 0 2 0 30125132
109 0 136 0 20 0 218 255 4 0 2 0 30317660
136 0 127 0 72 0 219 255 4 0 3 0 30415996
147 0 70 0 64 0 220 255 4 0 3 0 30510132
69 0 249 255 234 255 221 255 4 0 3 0 30604387
81 0 207 255 205 255 221 255 5 0 3 0 30698617
99 0 34 255 223 255 223 255 4 0 4 0 30895288
195 0 37 255 244 255 223 255 5 0 5 0 30989456
226 0 64 255 208 255 224 255 4 0 5 0 31083907
40 1 118 255 161 255 225 255 4 0 4 0 31181970
40 1 130 255 203 255 225 255 3 0 4 0 31276176
32 1 111 255 241 255 225 255 4 0 5 0 31374512
29 1 171 255 110 0 224 255 3 0 4 0 31468714
6 1 252 255 130 0 223 255 3 0 3 0 31567026
136 0 43 0 222 255 223 255 4 0 3 0 31661276
69 0 91 0 238 255 222 255 4 0 2 0 31755449
6 0 76 0 249 255 221 255 4 0 2 0 31849702
254 255 66 0 238 255 220 255 5 0 2 0 31947957
20 0 77 0 227 255 220 255 4 0 2 0 32042245
72 0 97 0 225 255 220 255 4 0 2 0 32140523
91 0 65 0 235 255 220 255 4 0 2 0 32234785
160 0 110 0 242 255 220 255 4 0 2 0 32328950
185 0 106 0 17 0 221 255 4 0 2 0 32525550
159 0 54 0 3 0 221 255 4 0 2 0 32615646
94 0 217 255 185 255 222 255 5 0 3 0 32714022
88 0 172 255 196 255 223 255 4 0 3 0 32812288
72 0 104 255 217 255 224 255 4 0 3 0 32906538
84 0 56 255 221 255 225 255 4 0 4 0 33000708
77 0 67 255 244 255 227 255 4 0 4 0 33099044
64 0 77 255 207 255 228 255 4 0 5 0 33197303
88 0 159 255 175 255 229 255 4 0 4 0 33287470
157 0 179 255 167 255 230 255 4 0 4 0 33385777
13 1 177 255 252 255 231 255 4 0 4 0 33484100
27 1 196 255 84 0 232 255 3 0 4 0 33578300
148 0 208 255 81 0 232 255 5 0 3 0 33672516
147 0 201 255 42 0 232 255 5 0 3 0 33770808
124 0 213 255 211 255 233 255 5 0 3 0 33865028
83 0 242 255 173 255 234 255 5 0 3 0 33959288
6 0 232 255 204 255 234 255 4 0 3 0 34057531
228 255 43 0 255 255 235 255 5 0 2 0 34151744
9 0 56 0 226 255 235 255 4 0 2 0 34250106
112 0 82 0 241 255 235 255 3 0 2 0 34344290
195 0 117 0 44 0 234 255 3 0 1 0 34438477
144 0 95 0 24 0 233 255 3 0 2 0 34536820
203 0 72 0 29 0 232 255 4 0 2 0 34635146
22 1 8 0 4 0 231 255 3 0 3 0 34729354
15 1 7 0 13 0 231 255 3 0 3 0 34823534
22 1 39 0 53 0 230 255 3 0 3 0 34917765
222 0 16 0 39 0 230 255 2 0 3 0 35016077
125 0 22 0 237 255 229 255 3 0 2 0 35114402
42 0 235 255 180 255 229 255 4 0 3 0 35208611
178 255 205 255 197 255 228 255 5 0 3 0 35302804
238 255 239 255 219 255 227 255 5 0 4 0 35495386
53 0 197 255 251 255 226 255 5 0 4 0 35590163
44 0 135 255 250 255 225 255 4 0 4 0 35687879
88 0 110 255 222 255 225 255 5 0 4 0 35786248
137 0 75 255 224 255 225 255 5 0 4 0 35876330
175 0 23 255 223 255 225 255 5 0 4 0 35974626
233 0 149 255 7 0 223 255 5 0 4 0 36072910
0 1 198 255 36 0 222 255 4 0 4 0 36167242
175 0 241 255 229 255 221 255 4 0 4 0 36261334
81 0 62 0 221 255 220 255 4 0 3 0 36359732
222 255 142 0 172 255 219 255 4 0 2 0 36457982
235 255 150 0 227 255 217 255 5 0 2 0 36548123
229 255 110 0 240 255 216 255 5 0 1 0 36646422
221 255 107 0 241 255 215 255 6 0 2 0 36744706
34 0 140 0 205 255 214 255 5 0 2 0 36838876
106 0 164 0 231 255 213 255 5 0 1 0 36933155
110 0 158 0 219 255 212 255 5 0 1 0 37031404
164 0 98 0 223 255 211 255 4 0 2 0 37125639
109 0 52 0 248 255 210 255 4 0 2 0 37219904
8 0 47 0 10 0 210 255 5 0 2 0 37318202
33 0 63 0 21 0 210 255 7 0 2 0 37412402
10 0 14 0 182 255 210 255 6 0 2 0 37510733
173 255 230 255 141 255 209 255 6 0 2 0 37604884
136 255 238 255 231 255 207 255 7 0 3 0 37703266
139 255 215 255 39 0 207 255 6 0 3 0 37797484
124 255 220 255 254 255 206 255 7 0 3 0 37891605
237 255 28 0 251 255 205 255 6 0 3 0 37989948
49 0 2 0 238 255 204 255 5 0 3 0 38084200
121 0 229 255 204 255 203 255 5 0 3 0 38182513
128 0 32 0 185 255 202 255 5 0 3 0 38276739
152 0 87 0 250 255 202 255 5 0 2 0 38370870
130 0 125 0 56 0 201 255 5 0 1 0 38469257
125 0 134 0 83 0 200 255 6 0 0 0 38567476
121 0 103 0 17 0 198 255 5 0 0 0 38657638
45 0 115 0 233 255 197 255 6 0 0 0 38755972
51 0 60 0 185 255 196 255 5 0 0 0 38854310
0 0 30 0 176 255 195 255 6 0 0 0 38948493
147 255 122 0 197 255 196 255 6 0 0 0 39046765
196 255 183 0 217 255 196 255 6 0 0 0 39136897
53 0 14 1 250 255 197 255 6 0 0 0 39235345
79 0 18 1 222 255 197 255 6 0 0 0 39329512
108 0 216 0 192 255 198 255 6 0 0 0 39427747
216 0 194 0 233 255 200 255 6 0 0 0 39522059
19 1 193 0 21 0 201 255 5 0 1 0 39620236
233 0 112 0 63 0 203 255 4 0 1 0 39714493
113 0 236 255 26 0 204 255 4 0 2 0 39808769
20 0 149 255 17 0 206 255 4 0 3 0 39907017
183 255 123 255 234 255 207 255 4 0 4 0 40005319
127 255 84 255 224 255 210 255 6 0 4 0 40197819
210 255 55 255 227 255 212 255 5 0 4 0 40292104
33 0 134 255 215 255 213 255 4 0 4 0 40386254
91 0 142 255 243 255 214 255 4 0 3 0 40480522
131 0 126 255 220 255 214 255 4 0 4 0 40578823
133 0 82 255 195 255 214 255 4 0 4 0 40673015
171 0 84 255 230 255 214 255 4 0 4 0 40771263
250 0 171 255 61 0 214 255 3 0 3 0 40865562
193 0 80 255 249 255 215 255 2 0 4 0 40963837
109 0 113 255 172 255 215 255 3 0 4 0 41058090
75 0 231 255 242 255 215 255 3 0 3 0 41152328
188 255 67 0 248 255 215 255 3 0 3 0 41250578
32 255 139 0 5 0 216 255 4 0 2 0 41344850
112 0 143 0 211 255 217 255 3 0 2 0 41439056
111 0 174 0 184 255 218 255 3 0 1 0 41537377
128 0 125 0 36 0 220 255 4 0 2 0 41729920
165 0 124 0 74 0 222 255 4 0 1 0 41922523
60 0 18 0 241 255 224 255 5 0 2 0 42016622
42 0 190 255 165 255 225 255 6 0 3 0 42110803
56 0 146 255 130 255 227 255 5 0 3 0 42209155
78 0 89 255 172 255 228 255 4 0 4 0 42303337
109 0 72 255 139 255 230 255 4 0 4 0 42401649
223 0 146 255 172 255 231 255 3 0 3 0 42495898
202 0 130 255 172 255 233 255 2 0 3 0 42590095
220 0 122 255 201 255 234 255 2 0 2 0 42688415
245 0 101 255 221 255 234 255 2 0 2 0 42782627
76 1 82 255 236 255 234 255 1 0 2 0 42877065
163 1 92 255 125 0 234 255 0 0 2 0 42975140
36 1 134 255 59 0 235 255 0 0 2 0 43073424
148 0 146 255 195 255 235 255 1 0 2 0 43167666
121 0 174 255 241 255 236 255 1 0 2 0 43261884
53 0 187 255 216 255 236 255 1 0 2 0 43360196
62 0 246 255 205 255 237 255 2 0 2 0 43454339
162 0 38 0 187 255 238 255 0 0 1 0 43552732
203 0 87 0 183 255 239 255 0 0 0 0 43646927
15 1 171 0 226 255 240 255 255 0 0 0 43741139
36 1 203 0 243 255 241 255 255 255 0 0 43839476
47 1 195 0 131 0 242 255 254 255 0 0 43933668
219 0 95 0 108 0 243 255 254 255 0 0 44031986
81 0 14 0 19 0 244 255 255 255 1 0 44126172
49 0 216 255 202 255 245 255 0 0 1 0 44220422
70 0 173 255 142 255 247 255 0 0 1 0 44318684
92 0 124 255 140 255 249 255 0 0 1 0 44412891
139 0 57 255 190 255 250 255 0 0 2 0 44511268
191 0 73 255 209 255 252 255 255 255 2 0 44605416
244 0 99 255 199 255 253 255 255 255 2 0 44699675
38 1 181 255 180 255 253 255 255 255 1 0 44797947
34 1 164 255 163 255 254 255 255 255 1 0 44892207
67 1 158 255 251 255 253 255 0 0 2 0 44990506
208 0 231 255 19 0 253 255 0 0 1 0 45084676
185 0 157 255 54 0 253 255 1 0 2 0 45183014
66 0 66 255 34 0 253 255 1 0 3 0 45277271
209 255 73 255 33 0 254 255 2 0 3 0 45375535
193 255 84 255 29 0 255 255 2 0 3 0 45469775
223 255 86 255 218 255 0 0 2 0 3 0 45563945
50 255 93 255 194 255 2 0 2 0 3 0 45658201
134 0 161 255 178 255 3 0 1 0 3 0 45756472
202 0 195 255 191 255 5 0 0 0 3 0 45850737
214 0 210 255 224 255 8 0 0 0 4 0 45949091
15 0 151 255 51 0 11 0 0 0 4 0 46043313
151 0 239 255 44 0 13 0 0 0 4 0 46137490
39 0 198 255 236 255 15 0 1 0 4 0 46235751
83 0 127 255 220 255 19 0 2 0 4 0 46329984
153 0 36 255 216 255 22 0 1 0 5 0 46428273
100 0 167 254 8 255 30 0 2 0 5 0 46616732
147 0 231 254 214 255 33 0 2 0 6 0 46715062
248 0 82 255 192 255 37 0 0 0 5 0 46813350
73 1 145 255 192 255 41 0 0 0 4 0 46907527
94 1 165 255 212 255 45 0 0 0 3 0 47001794
56 1 175 255 230 255 48 0 0 0 3 0 47100076
29 1 179 255 32 0 50 0 0 0 3 0 47194331
51 1 229 255 242 255 53 0 0 0 2 0 47288534
135 1 47 0 222 255 56 0 0 0 1 0 47386829
87 1 206 255 245 255 58 0 254 255 1 0 47485120
215 0 141 255 226 255 60 0 254 255 1 0 47579315
193 0 178 255 229 255 63 0 254 255 1 0 47673766
207 0 227 255 253 255 65 0 253 255 1 0 47767784
212 0 8 0 234 255 68 0 254 255 0 0 47866068
228 0 15 0 21 0 72 0 254 255 0 0 47960291
213 0 231 255 231 255 76 0 255 255 1 0 48058576
240 0 134 255 36 0 80 0 255 255 1 0 48152837
159 0 68 255 16 0 85 0 0 0 2 0 48251115
205 0 2 255 38 0 91 0 255 255 3 0 48345342
192 0 33 255 244 255 96 0 255 255 3 0 48443654
194 0 77 255 195 255 101 0 255 255 3 0 48537836
219 0 179 255 185 255 106 0 255 255 2 0 48632158
254 0 196 255 194 255 111 0 255 255 2 0 48730437
42 1 160 255 197 255 115 0 255 255 2 0 48824646
109 1 113 255 211 255 119 0 254 255 2 0 48918815
203 1 76 255 234 255 123 0 254 255 1 0 49017073
4 2 16 255 241 255 127 0 253 255 2 0 49111320
44 2 24 255 227 255 131 0 253 255 2 0 49209660
101 2 58 255 201 255 136 0 253 255 2 0 49303887
113 2 69 255 151 255 141 0 253 255 2 0 49402170
73 2 134 255 119 255 145 0 253 255 2 0 49496361
114 2 153 255 246 255 149 0 253 255 2 0 49590660
80 2 174 255 124 0 153 0 252 255 2 0 49688922
232 1 187 255 81 0 157 0 253 255 1 0 49783138
75 1 244 255 0 0 161 0 254 255 1 0 49877337
220 0 248 255 219 255 164 0 254 255 1 0 49975645
207 0 60 0 183 255 167 0 255 255 1 0 50073937
47 1 109 0 248 255 170 0 254 255 0 0 50168164
82 1 119 0 62 0 174 0 254 255 0 0 50262606
74 1 92 0 39 0 178 0 255 255 0 0 50360703
68 1 85 0 32 0 182 0 255 255 0 0 50454911
74 1 137 0 225 255 187 0 0 0 255 255 50553308
119 1 162 0 133 255 192 0 0 0 255 255 50647392
145 1 175 0 173 255 198 0 1 0 255 255 50741595
14 2 158 0 1 0 204 0 0 0 255 255 50840002
16 2 99 0 43 0 211 0 254 255 0 0 50934255
141 1 39 0 31 0 217 0 255 255 0 0 51032521
10 1 10 0 247 255 223 0 0 255 0 0 51126651
18 1 6 0 211 255 229 0 255 255 0 0 51220896
21 1 28 0 166 255 236 0 255 255 0 0 51319273
92 1 56 0 206 255 241 0 255 255 0 0 51413485
115 1 40 0 226 255 246 0 254 255 0 0 51507673
111 1 24 0 227 255 251 0 255 255 0 0 51606196
119 1 4 0 224 255 255 0 255 255 0 0 51700224
157 1 218 255 239 255 4 1 254 255 0 0 51798515
150 1 197 255 216 255 8 1 254 255 1 0 51892670
226 1 173 255 202 255 17 1 254 255 2 0 52085328
10 2 153 255 4 0 22 1 252 255 2 0 52183588
92 2 2 0 7 0 32 1 252 255 1 0 52371966
98 2 44 0 222 255 37 1 252 255 1 0 52466238
133 2 122 0 238 255 42 1 252 255 0 0 52564465
117 2 161 0 229 255 47 1 252 255 0 0 52662809
89 2 143 0 207 255 51 1 252 255 0 0 52756986
60 2 100 0 202 255 55 1 253 255 0 0 52851277
20 2 157 0 14 0 200 254 253 255 0 0 52949597
229 1 199 0 39 0 204 254 253 255 255 255 53043744
125 1 250 0 247 255 209 254 254 255 255 255 53142016
34 1 19 1 0 0 213 254 255 255 254 255 53236313
205 0 8 1 171 255 217 254 0 0 254 255 53334520
221 0 12 1 183 255 221 254 0 0 254 255 53428764
47 1 226 0 7 0 226 254 0 0 254 255 53522998
116 1 179 0 39 0 230 254 255 255 254 255 53621338
122 1 130 0 28 0 235 254 255 255 255 255 53715573
51 1 154 0 25 0 241 254 255 255 255 255 53813831
7 1 133 0 246 255 247 254 0 0 0 0 53908044
26 1 100 0 219 255 253 254 0 0 0 0 54002291
77 1 86 0 42 0 3 255 0 0 0 0 54100571
22 1 100 0 58 0 10 255 0 0 0 0 54194790
208 0 103 0 25 0 16 255 0 0 1 0 54293094
228 0 87 0 225 255 22 255 0 0 1 0 54387334
22 1 75 0 128 255 27 255 0 0 2 0 54485628
143 1 82 0 107 255 33 255 255 255 2 0 54579859
230 1 36 0 185 255 39 255 254 255 2 0 54674041
17 2 10 0 220 255 44 255 253 255 2 0 54768261
43 2 12 0 233 255 49 255 252 255 2 0 54866625
17 2 36 0 254 255 55 255 252 255 2 0 55059134
52 2 66 0 237 255 58 255 252 255 2 0 55153379
82 2 46 0 214 255 60 255 252 255 1 0 55251669
56 2 26 0 242 255 62 255 252 255 1 0 55345911
12 2 37 0 247 255 63 255 251 255 1 0 55444133
195 1 84 0 64 0 63 255 252 255 0 0 55538362
150 1 86 0 93 0 63 255 252 255 1 0 55632587
47 1 138 0 30 0 62 255 254 255 0 0 55726816
246 0 220 0 223 255 62 255 254 255 0 0 55825158
221 0 0 1 220 255 61 255 255 255 0 0 55923393
196 0 249 0 197 255 60 255 255 255 0 0 56017655
164 0 252 0 198 255 58 255 0 0 0 0 56111877
175 0 25 1 206 255 56 255 0 0 0 0 56210119
19 1 16 1 228 255 55 255 0 0 0 0 56304338
23 1 223 0 252 255 54 255 0 0 0 0 56398789
33 1 236 0 217 255 54 255 0 0 0 0 56496910
61 1 21 1 196 255 52 255 0 0 0 0 56591127
101 1 253 0 5 0 52 255 1 0 1 0 56689434
122 1 244 0 117 0 50 255 1 0 1 0 56783671
51 1 214 0 62 0 49 255 2 0 1 0 56881951
165 0 82 0 208 255 48 255 3 0 2 0 56976165
190 0 25 0 175 255 48 255 3 0 3 0 57074475
150 0 218 255 182 255 48 255 4 0 3 0 57164673
179 0 241 255 146 255 47 255 4 0 4 0 57262912
30 1 45 0 169 255 46 255 3 0 4 0 57361266
130 1 71 0 248 255 46 255 1 0 3 0 57455430
133 1 56 0 246 255 45 255 0 0 3 0 57553715
97 1 19 0 215 255 43 255 0 0 3 0 57647987
56 1 19 0 221 255 41 255 0 0 3 0 57746277
245 0 51 0 41 0 38 255 0 0 3 0 57840447
11 1 108 0 131 0 35 255 0 0 2 0 57934690
219 0 188 0 77 0 32 255 0 0 0 0 58032987
184 255 7 1 251 255 30 255 3 0 0 0 58127289
171 255 49 1 153 255 25 255 4 0 0 0 58315720
15 0 47 1 192 255 22 255 4 0 0 0 58413954
104 0 23 1 175 255 19 255 3 0 1 0 58508202
190 0 81 1 129 255 17 255 3 0 1 0 58606461
31 1 66 1 174 255 15 255 2 0 1 0 58704756
13 1 5 1 20 0 11 255 2 0 1 0 58893353
234 0 40 1 40 0 9 255 2 0 1 0 58987463
150 0 91 1 1 0 7 255 2 0 0 0 59085780
20 0 7 1 190 255 5 255 3 0 0 0 59184095
244 255 156 0 202 255 4 255 3 0 1 0 59278260
181 255 84 0 195 255 3 255 4 0 1 0 59372477
227 255 86 0 158 255 1 255 4 0 2 0 59470778
174 0 95 0 175 255 0 255 4 0 2 0 59565005
84 1 103 0 221 255 255 254 1 0 2 0 59659252
120 1 104 0 225 255 253 254 1 0 2 0 59757502
111 1 86 0 226 255 252 254 1 0 2 0 59851718
119 1 117 0 40 0 250 254 1 0 2 0 59945929
67 1 194 0 51 0 249 254 1 0 1 0 60044283
83 1 222 0 191 0 247 254 1 0 0 0 60138445
7 1 100 0 59 0 246 254 1 0 1 0 60236789
133 0 148 0 162 255 245 254 2 0 1 0 60335059
133 0 231 0 176 255 244 254 1 0 0 0 60429316
2 0 23 1 226 255 242 254 2 0 0 0 60523573
217 255 79 1 206 255 242 254 2 0 0 0 60621801
52 0 73 1 192 255 241 254 2 0 0 0 60716076
132 0 15 1 190 255 240 254 1 0 0 0 60810290
164 0 205 0 159 255 240 254 2 0 0 0 60908556
201 0 162 0 15 0 240 254 1 0 0 0 61002802
238 0 220 0 177 0 240 254 1 0 0 0 61101074
88 0 210 0 75 0 241 254 2 0 0 0 61195329
167 255 137 0 245 255 241 254 3 0 1 0 61289506
88 255 27 0 105 255 241 254 4 0 1 0 61387801
176 255 229 255 152 255 242 254 5 0 2 0 61482032
71 0 249 255 163 255 242 254 4 0 3 0 61580366
110 0 0 0 123 255 242 254 4 0 3 0 61674583
222 0 253 255 134 255 242 254 3 0 3 0 61772908
27 1 42 0 199 255 242 254 2 0 2 0 61867125
20 1 24 0 235 255 241 254 2 0 3 0 61961328
30 1 84 0 80 0 240 254 2 0 2 0 62059591
211 0 130 0 21 0 238 254 2 0 1 0 62153854
142 0 79 0 20 0 238 254 3 0 2 0 62248061
71 0 137 0 1 0 237 254 2 0 2 0 62346392
36 0 218 0 236 255 236 254 3 0 1 0 62440625
110 0 240 0 159 255 236 254 2 0 1 0 62538946
165 0 13 1 180 255 236 254 1 0 0 0 62633125
179 0 1 1 235 255 236 254 1 0 0 0 62731393
221 0 196 0 253 255 236 254 1 0 1 0 62825633
239 0 214 0 66 0 237 254 0 0 1 0 62923898
163 0 231 0 103 0 237 254 0 0 1 0 63018115
254 255 156 0 252 255 237 254 1 0 1 0 63112434
152 255 37 0 147 255 237 254 2 0 2 0 63210637
222 255 24 0 190 255 237 254 2 0 2 0 63304868
51 0 255 255 220 255 237 254 1 0 2 0 63399126
113 0 0 0 205 255 237 254 1 0 2 0 63497375
88 0 233 255 127 255 237 254 1 0 2 0 63591670
91 0 2 0 123 255 236 254 3 0 1 0 63685865
4 1 35 0 202 255 235 254 2 0 2 0 63784164
61 1 55 0 10 0 235 254 0 0 1 0 63882444
229 0 13 0 177 0 235 254 0 0 1 0 63976734
236 255 143 255 69 0 235 254 2 0 3 0 64070909
134 255 30 0 238 255 236 254 4 0 3 0 64169214
125 255 224 0 119 255 236 254 5 0 1 0 64263364
7 0 22 0 191 255 235 254 3 0 1 0 64357609
25 0 15 1 187 255 234 254 2 0 1 0 64455959
42 0 38 1 168 255 233 254 2 0 0 0 64550221
134 0 10 1 168 255 233 254 2 0 0 0 64648455
233 0 220 0 230 255 234 254 1 0 0 0 64742731
226 0 188 0 73 0 234 254 1 0 1 0 64841034
186 0 216 0 93 0 234 254 2 0 0 0 64935216
93 0 137 0 250 255 234 254 3 0 0 0 65029401
92 0 40 0 153 255 234 254 2 0 0 0 65127724
145 0 1 0 215 255 234 254 2 0 1 0 65226042
227 0 2 0 236 255 234 254 0 0 0 0 65316156
181 0 216 255 172 255 234 254 0 0 0 0 65414492
162 0 213 255 154 255 234 254 0 0 1 0 65512809
164 0 23 0 197 255 234 254 0 0 0 0 65602863
206 0 55 0 137 0 233 254 0 0 0 0 65701182
77 0 54 0 112 0 232 254 255 255 1 0 65799459
107 255 31 0 66 0 230 254 0 0 2 0 65893750
221 255 100 0 191 255 229 254 0 0 1 0 65987953
8 255 168 0 221 255 230 254 2 0 1 0 66086303
205 255 227 0 193 255 230 254 1 0 0 0 66184535
47 0 182 0 232 255 231 254 1 0 0 0 66274679
74 0 199 0 208 255 231 254 1 0 0 0 66373027
79 0 226 0 206 255 232 254 1 0 0 0 66467331
145 0 202 0 32 0 233 254 1 0 0 0 66565502
141 0 234 0 85 0 234 254 1 0 1 0 66659741
11 0 242 0 35 0 234 254 2 0 1 0 66758072
208 255 148 0 214 255 235 254 3 0 0 0 66852333
226 255 6 0 141 255 235 254 3 0 1 0 66950548
14 0 172 255 156 255 235 254 3 0 2 0 67044836
81 0 212 255 220 255 235 254 2 0 1 0 67138972
50 0 220 255 197 255 235 254 2 0 2 0 67237273
37 0 211 255 243 255 233 254 3 0 1 0 67425740
59 0 200 255 13 0 232 254 4 0 2 0 67524063
128 0 1 0 128 0 231 254 3 0 2 0 67622363
82 0 220 255 82 0 230 254 3 0 2 0 67716569
144 255 243 255 201 255 229 254 5 0 2 0 67810749
136 255 97 0 193 255 229 254 5 0 1 0 67909128
210 255 108 0 192 255 228 254 5 0 0 0 68003333
38 0 140 0 190 255 227 254 4 0 0 0 68101630
102 0 169 0 201 255 227 254 3 0 0 0 68195825
136 0 200 0 246 255 227 254 2 0 0 0 68290054
145 0 201 0 36 0 227 254 2 0 0 0 68388352
129 0 177 0 42 0 228 254 3 0 0 0 68482607
74 0 179 0 60 0 229 254 3 0 0 0 68576779
49 0 175 0 26 0 229 254 4 0 0 0 68675078
55 0 175 0 5 0 229 254 5 0 0 0 68769372
29 0 134 0 190 255 230 254 4 0 255 255 68867660
194 255 138 0 116 255 230 254 5 0 255 255 68961849
231 255 138 0 100 255 230 254 5 0 255 255 69060162
176 0 129 0 142 255 230 254 2 0 255 255 69154397
209 0 88 0 178 255 231 254 0 0 255 255 69252763
226 0 20 0 19 0 231 254 255 255 255 255 69342779
218 0 233 255 9 0 231 254 255 255 0 0 69441142
166 0 229 255 234 255 231 254 255 255 0 0 69539398
202 0 239 255 213 255 232 254 0 0 0 0 69633645
198 0 254 255 32 0 232 254 0 0 0 0 69732005
178 0 65 0 202 0 231 254 0 0 0 0 69826171
245 255 158 0 77 0 231 254 1 0 0 0 69920386
164 255 243 0 254 255 231 254 2 0 255 255 70014635
177 255 234 0 175 255 230 254 3 0 254 255 70112906
239 255 172 0 86 255 229 254 4 0 255 255 70207128
163 0 219 0 133 255 228 254 2 0 255 255 70305429
243 0 19 1 20 0 228 254 1 0 254 255 70399641
174 0 227 0 254 255 228 254 1 0 254 255 70497926
108 0 170 0 239 255 230 254 1 0 254 255 70592150
117 0 173 0 89 0 231 254 2 0 255 255 70690455
63 0 77 0 38 0 233 254 2 0 255 255 70784690
177 255 219 255 196 255 234 254 2 0 0 0 70882990
24 0 141 255 140 255 237 254 3 0 0 0 71071401
103 0 130 255 122 255 237 254 2 0 1 0 71169777
126 0 165 255 136 255 237 254 2 0 1 0 71263989
186 0 157 255 182 255 238 254 1 0 0 0 71362291
173 0 195 255 35 0 238 254 1 0 0 0 71456457
206 0 18 0 184 0 237 254 1 0 0 0 71550692
184 0 5 0 168 0 236 254 0 0 0 0 71648993
165 255 7 0 20 0 235 254 3 0 0 0 71743184
83 255 12 0 209 255 234 254 5 0 1 0 71837389
156 255 47 0 108 255 234 254 5 0 0 0 71935717
90 0 146 0 170 255 233 254 4 0 0 0 72034098
144 0 130 0 135 255 233 254 3 0 1 0 72124568
212 0 137 0 117 255 233 254 3 0 1 0 72222474
37 1 130 0 247 255 234 254 1 0 1 0 72316721
203 0 83 0 90 0 234 254 0 0 2 0 72415004
173 0 73 0 154 0 235 254 1 0 2 0 72509211
60 0 48 0 54 0 235 254 1 0 2 0 72607492
109 255 46 0 209 255 236 254 3 0 2 0 72701705
0 0 206 255 132 255 237 254 1 0 0 0 72894304
67 0 220 255 108 255 237 254 1 0 0 0 72988481
144 0 5 0 132 255 236 254 0 0 0 0 73086809
93 0 12 0 3 0 236 254 1 0 0 0 73180951
42 0 67 0 118 0 235 254 1 0 0 0 73275239
58 0 138 0 166 0 234 254 1 0 255 255 73373471
119 255 184 0 91 0 231 254 2 0 255 255 73467706
205 254 236 0 189 255 228 254 5 0 254 255 73566021
23 255 39 1 146 255 226 254 6 0 254 255 73660295
137 255 55 1 141 255 223 254 5 0 254 255 73758547
181 255 122 1 159 255 221 254 5 0 253 255 73852802
37 0 114 1 173 255 220 254 5 0 253 255 73951092
127 0 15 1 38 0 218 254 4 0 253 255 74045339
233 255 218 0 126 0 217 254 5 0 254 255 74143589
172 255 237 0 152 0 216 254 6 0 253 255 74233739
219 254 142 0 21 0 216 254 6 0 254 255 74332001
86 254 71 0 216 255 215 254 8 0 254 255 74426297
209 254 75 0 241 255 214 254 8 0 255 255 74524538
23 255 95 0 225 255 214 254 8 0 255 255 74618739
126 255 64 0 183 255 211 254 7 0 255 255 74717093
29 0 74 0 170 255 208 254 6 0 255 255 74811260
71 0 103 0 149 255 204 254 5 0 254 255 74905578
133 0 72 0 232 255 199 254 5 0 254 255 75003848
136 0 93 0 97 0 53 1 5 0 255 255 75098067
46 0 185 0 137 0 48 1 5 0 254 255 75196364
232 254 240 0 242 255 42 1 8 0 254 255 75290608
227 254 245 0 240 255 35 1 10 0 0 255 75384825
63 255 66 1 184 255 30 1 10 0 255 255 75483102
177 255 103 1 21 0 24 1 9 0 255 255 75581431
6 0 190 1 219 255 18 1 8 0 255 255 75675631
120 0 229 1 233 255 13 1 6 0 255 255 75774137
226 0 36 2 200 255 8 1 5 0 255 255 75868167
230 0 55 2 225 255 2 1 3 0 254 255 75962410
154 0 103 2 55 0 252 0 3 0 253 255 76057013
213 255 76 2 193 255 246 0 4 0 253 255 76154882
130 255 69 2 182 255 241 0 4 0 252 255 76249135
205 255 28 2 245 255 234 0 3 0 252 255 76347391
248 255 198 1 255 255 227 0 3 0 252 255 76441583
170 0 124 1 213 255 215 0 0 0 253 255 76634195
178 0 138 1 172 255 209 0 0 0 253 255 76728347
203 0 175 1 199 255 202 0 0 0 253 255 76826680
232 0 236 1 89 0 197 0 255 255 252 255 76920922
158 0 55 2 90 0 192 0 255 255 251 255 77015134
96 0 17 2 98 0 187 0 255 255 251 255 77113447
218 255 185 1 232 0 183 0 0 0 252 255 77207648
93 0 181 1 191 255 180 0 0 0 253 255 77305935
203 0 15 2 93 255 179 0 0 0 254 255 77400182
32 1 251 1 123 255 178 0 255 255 254 255 77494376
9 1 218 1 133 255 178 0 0 0 255 255 77592637
57 1 159 1 187 255 179 0 255 255 254 255 77690981
115 1 9 1 35 0 181 0 254 255 255 255 77785211
36 0 45 0 215 255 182 0 255 255 0 0 77879449
220 255 169 255 13 0 183 0 1 0 1 0 77977751
41 0 20 0 28 0 185 0 0 0 2 0 78071881
86 0 123 0 40 0 186 0 254 255 1 0 78166153
137 0 48 0 34 0 187 0 253 255 1 0 78264483
250 0 226 255 22 0 186 0 252 255 1 0 78358696
32 1 193 255 219 255 186 0 251 255 1 0 78456985
36 1 13 0 169 255 187 0 252 255 1 0 78551224
39 1 77 0 193 255 186 0 253 255 0 0 78649506
55 1 171 0 236 255 186 0 253 255 255 255 78743749
118 0 5 1 253 255 184 0 254 255 255 255 78837964
88 255 198 0 168 255 182 0 0 0 255 255 78936338
197 254 210 0 158 254 180 0 3 0 255 255 79034538
0 255 19 1 239 253 178 0 3 0 254 255 79124706
157 255 215 0 35 254 176 0 2 0 255 255 79223002
244 254 240 0 18 255 175 0 3 0 255 255 79321298
47 254 129 1 79 255 173 0 5 0 255 255 79415499
69 253 189 1 171 254 171 0 9 0 254 255 79509707
140 252 62 1 205 253 166 0 12 0 254 255 79608060
245 252 182 0 59 254 161 0 13 0 254 255 79702354
38 254 240 0 74 255 155 0 12 0 253 255 79800553
205 254 134 1 88 0 148 0 11 0 252 255 79894766
168 0 238 1 18 1 143 0 8 0 251 255 79988970
61 2 127 1 153 0 140 0 4 0 252 255 80087276
2 3 100 1 23 0 140 0 2 0 253 255 80181511
40 3 209 1 9 0 141 0 1 0 253 255 80279800
128 3 130 2 175 255 144 0 0 0 251 255 80374042
174 3 3 3 146 255 145 0 253 255 249 255 80468341
249 2 193 2 198 255 147 0 252 255 248 255 80566538
236 1 44 2 11 0 149 0 253 255 247 255 80660787
150 0 161 0 198 0 149 0 255 255 251 255 80853304
146 1 144 0 223 0 149 0 252 255 253 255 80947534
130 2 124 0 234 0 150 0 245 255 254 255 81045838
50 1 100 0 79 0 151 0 246 255 254 255 81140056
174 253 238 1 94 0 149 0 0 0 251 255 81238379
147 0 35 2 230 0 149 0 252 255 248 255 81332591
37 1 71 1 111 2 152 0 247 255 248 255 81430871
218 1 33 1 9 1 153 0 246 255 249 255 81525136
88 0 188 1 119 0 155 0 250 255 247 255 81619286
73 0 66 1 157 255 156 0 250 255 247 255 81717545
139 0 31 1 182 255 156 0 248 255 249 255 81811868
170 0 236 0 149 255 156 0 250 255 251 255 81910161
20 1 161 0 87 0 156 0 246 255 253 255 82004396
240 0 216 0 151 0 156 0 248 255 253 255 82102672
244 0 206 0 230 255 156 0 249 255 253 255 82192819
12 1 26 1 180 255 157 0 248 255 253 255 82291138
143 1 160 1 250 255 158 0 247 255 253 255 82385301
169 1 156 1 172 255 158 0 247 255 252 255 82483589
160 0 116 1 146 255 159 0 247 255 251 255 82577842
176 0 230 0 108 255 160 0 247 255 251 255 82676161
24 0 195 0 92 255 158 0 249 255 251 255 82770352
101 255 10 1 73 255 158 0 253 255 252 255 82868660
216 255 40 1 169 255 158 0 255 255 252 255 82962872
167 0 238 255 201 0 158 0 255 255 255 255 83057072
100 1 85 0 148 255 158 0 255 255 255 255 83155376
6 1 118 0 188 255 158 0 255 255 255 255 83253686
217 0 149 0 202 255 158 0 255 255 255 255 83347910
188 0 177 0 195 255 158 0 255 255 255 255 83442175
167 0 186 0 201 255 158 0 255 255 255 255 83536367
161 0 199 0 209 255 158 0 255 255 255 255 83634690
172 0 203 0 189 255 158 0 255 255 255 255 83728910
167 0 207 0 189 255 158 0 255 255 255 255 83823129
156 0 183 0 213 255 158 0 255 255 255 255 83921381
139 0 158 0 218 255 158 0 255 255 255 255 84015592
131 0 181 0 231 255 158 0 255 255 255 255 84113944
196 0 55 1 221 255 162 0 255 255 255 255 84212336
82 0 176 1 242 255 163 0 255 255 255 255 84302412
65 0 158 1 4 0 161 0 255 255 255 255 84400718
40 0 201 1 251 255 157 0 255 255 255 255 84593219
35 0 185 1 230 255 155 0 255 255 255 255 84687439
88 0 158 1 4 0 153 0 255 255 255 255 84781658
72 0 82 1 244 255 150 0 255 255 255 255 84879938
120 0 40 1 224 255 148 0 255 255 255 255 84974168
117 0 5 1 41 0 147 0 255 255 255 255 85072470
154 0 137 0 0 0 145 0 255 255 255 255 85170823
133 0 82 0 217 255 144 0 255 255 255 255 85264956
180 0 246 255 220 255 143 0 255 255 254 255 85359258
2 1 224 255 229 255 142 0 255 255 254 255 85457571
143 0 140 0 214 255 142 0 255 255 254 255 85551721
127 0 238 0 212 255 142 0 255 255 254 255 85649966
117 0 99 1 209 255 141 0 254 255 253 255 85744303
133 0 181 1 36 255 140 0 254 255 251 255 85838461
125 5 110 250 196 1 142 0 235 255 4 0 85936839
36 2 175 252 21 0 154 0 241 255 8 0 86031025
255 1 210 253 225 254 156 0 242 255 7 0 86125191
121 1 84 255 96 254 154 0 244 255 5 0 86223483
160 1 177 255 225 254 150 0 243 255 5 0 86317736
139 1 246 255 117 255 146 0 244 255 6 0 86510312
68 1 12 0 122 255 148 0 244 255 6 0 86604447
23 1 219 255 128 255 151 0 243 255 6 0 86702710
221 0 70 255 152 255 151 0 243 255 6 0 86797044
230 0 130 255 202 255 151 0 243 255 6 0 86895328
9 1 221 255 231 255 151 0 243 255 6 0 86989463
19 1 8 0 255 255 151 0 243 255 6 0 87087853
13 1 27 0 251 255 151 0 243 255 6 0 87182045
21 1 35 0 249 255 151 0 243 255 6 0 87280350
28 1 46 0 238 255 151 0 243 255 6 0 87374548
20 1 42 0 234 255 151 0 243 255 6 0 87468771
224 0 60 0 229 255 151 0 243 255 6 0 87562957
249 0 10 0 26 1 155 0 243 255 7 0 87661327
111 0 177 255 177 1 157 0 244 255 8 0 87759659
177 0 229 255 229 0 157 0 244 255 8 0 87853836
200 0 250 255 161 0 157 0 244 255 8 0 87952185
213 0 0 0 100 0 157 0 244 255 8 0 88046326
213 0 23 0 142 0 157 0 244 255 8 0 88140644
208 0 23 0 103 0 157 0 244 255 8 0 88234924
244 0 223 255 4 0 157 0 244 255 7 0 88333064
248 0 5 0 86 255 157 0 244 255 8 0 88427299
235 0 23 0 202 255 157 0 244 255 8 0 88525589
236 0 13 0 209 255 157 0 244 255 8 0 88619882
239 0 11 0 217 255 157 0 244 255 8 0 88718191
236 0 14 0 233 255 156 0 244 255 8 0 88812356
228 0 10 0 236 255 157 0 244 255 8 0 88906552
228 0 12 0 222 255 157 0 244 255 8 0 89004854
224 0 13 0 240 255 157 0 244 255 8 0 89103192
225 0 8 0 240 255 157 0 244 255 8 0 89197392
226 0 1 0 0 0 157 0 244 255 8 0 89291603
220 0 16 0 247 255 156 0 244 255 8 0 89385832
216 0 7 0 242 255 156 0 244 255 8 0 89480069
208 0 0 0 6 0 156 0 244 255 8 0 89578405
214 0 8 0 240 255 157 0 244 255 8 0 89676735
217 0 8 0 234 255 156 0 244 255 8 0 89770942
214 0 7 0 240 255 156 0 244 255 8 0 89865204
220 0 9 0 230 255 156 0 244 255 8 0 89963405
214 0 14 0 222 255 156 0 245 255 8 0 90061730
205 0 9 0 245 255 156 0 245 255 8 0 90156012
209 0 14 0 221 255 156 0 245 255 8 0 90250125
188 0 10 0 5 0 156 0 245 255 8 0 90344417
206 0 10 0 224 255 156 0 245 255 8 0 90442666
206 0 25 0 3 0 156 0 245 255 8 0 90536874
192 0 20 0 229 255 156 0 245 255 8 0 90631137
203 0 31 0 217 255 156 0 245 255 8 0 90729406
186 0 21 0 245 255 156 0 245 255 8 0 90823732
191 0 12 0 233 255 156 0 245 255 8 0 90922003
183 0 0 0 3 0 156 0 245 255 8 0 91016322
196 0 250 255 213 255 156 0 245 255 8 0 91114521
184 0 6 0 230 255 156 0 245 255 8 0 91212786
184 0 1 0 238 255 156 0 245 255 8 0 91306914
193 0 252 255 248 255 156 0 245 255 8 0 91401191
184 0 254 255 7 0 156 0 245 255 8 0 91499562
166 0 253 255 21 0 156 0 245 255 8 0 91593682
170 0 5 0 217 255 156 0 245 255 8 0 91687993
163 0 252 255 244 255 156 0 245 255 8 0 91786341
172 0 251 255 231 255 156 0 245 255 8 0 91880459
177 0 9 0 242 255 156 0 245 255 8 0 91974851
170 0 8 0 236 255 156 0 245 255 8 0 92072945
172 0 20 0 215 255 156 0 245 255 8 0 92171269
163 0 19 0 234 255 156 0 245 255 8 0 92265468
156 0 1 0 244 255 156 0 245 255 8 0 92359662
152 0 13 0 234 255 156 0 245 255 8 0 92457965
