17 255 130 0 5 247 0 0 8 0 254 255 1036977
38 255 204 0 135 250 0 0 8 0 254 255 1135193
89 255 243 0 202 252 0 0 9 0 254 255 1429214
145 255 20 1 247 253 0 0 7 0 255 255 1429752
115 255 42 1 162 254 0 0 7 0 255 255 1430237
127 255 54 1 36 255 0 0 6 0 255 255 1516136
126 255 165 1 199 255 1 0 5 0 253 255 1725955
101 255 144 1 230 255 1 0 5 0 254 255 1802915
88 255 142 1 217 255 1 0 6 0 254 255 1897159
155 255 126 1 204 255 1 0 5 0 254 255 1995442
192 255 99 1 255 255 1 0 5 0 254 255 2093752
163 255 84 1 242 255 1 0 5 0 254 255 2220170
116 255 85 1 6 0 1 0 5 0 254 255 2282205
113 255 55 1 13 0 1 0 5 0 254 255 2380498
114 255 10 1 0 0 1 0 5 0 255 255 2474693
111 255 2 1 213 255 1 0 5 0 255 255 2568942
125 255 44 1 224 255 1 0 5 0 255 255 2673720
141 255 88 1 252 255 1 0 5 0 254 255 2765577
123 255 76 1 0 0 1 0 5 0 254 255 2859737
112 255 42 1 245 0 1 0 5 0 255 255 2953996
121 255 49 1 6 0 1 0 5 0 254 255 3048177
85 255 64 1 31 0 1 0 5 0 254 255 3165616
87 255 60 1 10 0 1 0 6 0 254 255 3240718
100 255 83 1 247 255 1 0 6 0 254 255 3503533
122 255 75 1 233 255 1 0 6 0 253 255 3531535
145 255 68 1 218 255 1 0 6 0 253 255 3795275
168 255 50 1 4 0 1 0 5 0 253 255 3795995
144 255 41 1 17 0 1 0 5 0 253 255 3818322
137 255 38 1 16 0 1 0 5 0 254 255 4019543
132 255 42 1 0 0 1 0 5 0 254 255 4020212
135 255 39 1 241 255 1 0 5 0 254 255 4247801
146 255 20 1 3 0 1 0 5 0 254 255 4248208
141 255 11 1 12 0 1 0 5 0 254 255 4297584
116 255 253 0 18 0 1 0 6 0 254 255 4481561
126 255 4 1 25 0 0 0 6 0 254 255 4489999
132 255 252 0 26 0 0 0 6 0 254 255 4584262
136 255 23 1 230 255 0 0 6 0 254 255 4717486
125 255 21 1 23 0 0 0 6 0 254 255 4776775
122 255 236 0 10 0 0 0 6 0 255 255 5014188
119 255 227 0 11 0 0 0 6 0 255 255 5015318
136 255 231 0 25 0 0 0 6 0 255 255 5063540
137 255 242 0 13 0 0 0 6 0 255 255 5237025
135 255 225 0 33 0 0 0 6 0 255 255 5256086
136 255 226 0 34 0 0 0 6 0 255 255 5465777
154 255 221 0 4 0 0 0 6 0 255 255 5466203
143 255 218 0 23 0 0 0 6 0 255 255 5542773
143 255 229 0 8 0 0 0 6 0 255 255 5700583
131 255 232 0 17 0 0 0 6 0 255 255 5735323
133 255 226 0 13 0 0 0 6 0 255 255 5984730
141 255 222 0 12 0 0 0 6 0 255 255 5985205
145 255 197 0 11 0 0 0 6 0 255 255 6026134
152 255 193 0 226 255 0 0 6 0 0 0 6211394
161 255 204 0 245 255 0 0 6 0 0 0 6214518
142 255 191 0 12 0 0 0 6 0 0 0 6444976
142 255 188 0 4 0 0 0 6 0 0 0 6445328
125 255 201 0 17 0 1 0 6 0 0 0 6501305
124 255 209 0 7 0 1 0 6 0 0 0 6678044
162 255 208 0 229 255 1 0 6 0 0 0 6693876
191 255 215 0 237 255 1 0 6 0 0 0 6957595
207 255 206 0 250 255 1 0 5 0 0 0 6958445
196 255 221 0 23 0 1 0 5 0 0 0 6980552
155 255 242 0 30 0 1 0 5 0 255 255 7179771
150 255 229 0 23 0 1 0 5 0 255 255 7180362
155 255 226 0 252 255 1 0 6 0 255 255 7415731
172 255 206 0 236 255 0 0 6 0 255 255 7416170
171 255 207 0 18 0 1 0 5 0 255 255 7459846
158 255 204 0 247 255 1 0 5 0 255 255 7698037
173 255 185 0 15 0 0 0 6 0 255 255 7698869
174 255 175 0 6 0 0 0 5 0 255 255 7750644
151 255 193 0 11 0 0 0 5 0 255 255 7919838
144 255 180 0 4 0 1 0 5 0 0 0 7943180
151 255 184 0 10 0 1 0 6 0 255 255 8145883
148 255 192 0 15 0 0 0 6 0 255 255 8146483
132 255 195 0 39 0 0 0 6 0 255 255 8229950
153 255 163 0 24 0 0 0 6 0 0 0 8379262
185 255 152 0 247 255 0 0 6 0 0 0 8418368
178 255 145 0 255 255 0 0 6 0 0 0 8656418
192 255 185 0 8 0 0 0 6 0 0 0 8656846
190 255 189 0 250 255 0 0 5 0 0 0 8709172
169 255 167 0 232 255 0 0 5 0 0 0 8880689
173 255 154 0 7 0 0 0 6 0 0 0 8901657
179 255 154 0 0 0 0 0 6 0 0 0 9115422
181 255 153 0 237 255 0 0 5 0 0 0 9116040
180 255 158 0 251 255 0 0 5 0 0 0 9188539
201 255 153 0 14 0 0 0 5 0 0 0 9350512
201 255 130 0 58 0 0 0 5 0 0 0 9380970
167 255 138 0 31 0 0 0 5 0 0 0 9642245
121 255 173 0 244 255 0 0 6 0 0 0 9642826
148 255 180 0 241 255 0 0 6 0 0 0 9667737
184 255 172 0 246 255 0 0 6 0 0 0 9868385
190 255 162 0 3 0 0 0 6 0 0 0 9869339
168 255 155 0 6 0 0 0 6 0 0 0 10091383
161 255 132 0 13 0 0 0 6 0 0 0 10091961
149 255 127 0 11 0 0 0 6 0 0 0 10146922
155 255 139 0 252 255 0 0 6 0 0 0 10321770
166 255 162 0 4 0 0 0 6 0 0 0 10339555
151 255 163 0 17 0 0 0 6 0 0 0 10555917
157 255 170 0 7 0 0 0 6 0 0 0 10556776
144 255 175 0 251 255 255 255 6 0 0 0 10626290
145 255 155 0 253 255 255 255 6 0 0 0 10845787
157 255 137 0 0 0 255 255 6 0 0 0 10846740
154 255 114 0 4 0 255 255 7 0 0 0 11071813
171 255 133 0 11 0 254 255 7 0 0 0 11072703
145 255 144 0 22 0 254 255 7 0 0 0 11105550
118 255 124 0 37 0 254 255 7 0 0 0 11262842
116 255 124 0 35 0 254 255 7 0 0 0 11298039
120 255 113 0 15 0 253 255 8 0 0 0 11392297
163 255 117 0 217 255 253 255 8 0 0 0 11566282
178 255 127 0 231 255 252 255 7 0 0 0 11584773
177 255 129 0 248 255 251 255 7 0 0 0 11793585
135 255 141 0 10 0 250 255 7 0 0 0 11794373
96 255 112 0 35 0 248 255 8 0 0 0 11871549
84 255 82 0 25 0 245 255 8 0 1 0 12075336
110 255 55 0 25 0 242 255 9 0 1 0 12075861
117 255 63 0 27 0 239 255 9 0 2 0 12299770
130 255 134 0 9 0 235 255 9 0 2 0 12300354
119 255 204 0 16 0 232 255 9 0 1 0 12354846
115 255 218 0 248 255 228 255 9 0 1 0 12532492
133 255 217 0 205 255 224 255 9 0 1 0 12543251
148 255 1 1 9 0 220 255 9 0 1 0 12814214
171 255 232 0 46 0 216 255 9 0 1 0 12814931
181 255 233 0 26 0 212 255 9 0 1 0 12834123
202 255 237 0 9 0 209 255 8 0 1 0 13039492
213 255 244 0 10 0 205 255 8 0 1 0 13040535
209 255 50 1 6 0 202 255 8 0 0 0 13261270
171 255 116 1 249 255 199 255 8 0 0 0 13261795
150 255 142 1 207 255 196 255 8 0 0 0 13309321
206 255 132 1 220 255 191 255 8 0 255 255 13494618
16 0 105 1 250 255 187 255 7 0 255 255 13505965
247 255 73 1 8 0 183 255 7 0 0 0 13600138
227 255 117 1 19 0 181 255 7 0 255 255 13694309
226 255 187 1 28 0 178 255 7 0 255 255 13792622
198 255 201 1 21 0 175 255 7 0 255 255 14005343
202 255 218 1 48 0 173 255 7 0 254 255 14005852
159 255 187 1 65 0 170 255 7 0 254 255 14079406
74 255 186 1 40 0 168 255 8 0 254 255 14239984
100 255 229 1 58 0 165 255 8 0 253 255 14271884
164 255 254 1 14 0 162 255 8 0 253 255 14473961
202 255 238 1 16 0 160 255 8 0 253 255 14474696
235 255 179 1 28 0 157 255 9 0 253 255 14558667
246 255 158 1 251 255 155 255 8 0 253 255 14708046
241 255 158 1 242 255 152 255 8 0 254 255 14747097
19 0 161 1 250 255 149 255 8 0 254 255 15000365
47 0 155 1 237 255 147 255 8 0 254 255 15000916
56 0 152 1 246 255 145 255 8 0 254 255 15038012
49 0 174 1 15 0 142 255 7 0 254 255 15224514
255 255 222 1 29 0 140 255 7 0 254 255 15230412
224 255 206 1 247 255 137 255 7 0 254 255 15449803
253 255 182 1 240 255 134 255 7 0 254 255 15450425
5 0 161 1 218 255 132 255 7 0 254 255 15517198
23 0 165 1 214 255 129 255 7 0 254 255 15684785
32 0 192 1 205 255 127 255 6 0 254 255 15709689
24 0 245 1 239 255 124 255 6 0 254 255 15976633
55 0 17 2 50 0 121 255 6 0 253 255 15977155
46 0 30 2 24 0 118 255 6 0 253 255 15996513
58 0 237 1 31 0 116 255 5 0 253 255 16197395
66 0 216 1 16 0 114 255 5 0 252 255 16197971
53 0 207 1 36 0 111 255 5 0 252 255 16432124
85 0 164 1 38 0 108 255 5 0 253 255 16433057
76 0 139 1 236 255 105 255 5 0 253 255 16475749
59 0 158 1 252 255 102 255 5 0 253 255 16663852
102 0 225 1 51 0 98 255 5 0 253 255 16668267
95 0 34 2 16 0 95 255 5 0 252 255 16762571
93 0 17 2 226 255 91 255 5 0 252 255 16860720
86 0 243 1 254 255 87 255 5 0 251 255 16955042
75 0 205 1 27 0 82 255 6 0 252 255 17161642
106 0 150 1 58 0 78 255 6 0 252 255 17162110
152 0 119 1 24 0 73 255 7 0 252 255 17241707
219 0 193 1 189 255 69 255 7 0 252 255 17399104
224 0 8 2 234 255 65 255 7 0 252 255 17434229
188 0 9 2 28 0 60 255 7 0 251 255 17676958
200 0 247 1 47 0 55 255 7 0 251 255 17677829
210 0 253 1 18 0 50 255 7 0 252 255 17725067
223 0 217 1 22 0 45 255 7 0 252 255 17898442
230 0 165 1 243 255 40 255 6 0 252 255 17913595
226 0 134 1 3 0 29 255 6 0 253 255 18130677
170 0 165 1 239 255 23 255 6 0 253 255 18200296
138 0 198 1 198 255 17 255 7 0 252 255 18415163
130 0 7 2 16 0 11 255 7 0 252 255 18415640
98 0 230 1 66 0 4 255 7 0 253 255 18638550
53 0 139 1 235 255 254 254 8 0 254 255 18639150
95 0 191 1 146 255 247 254 9 0 255 255 18683580
176 0 31 2 113 255 241 254 10 0 254 255 18873226
12 1 58 2 212 255 235 254 9 0 254 255 18873766
45 1 254 1 30 0 228 254 8 0 254 255 19103330
77 1 218 1 237 255 223 254 7 0 255 255 19103931
133 1 2 2 9 0 217 254 7 0 254 255 19158773
197 1 251 1 38 0 212 254 6 0 254 255 19331922
35 2 248 1 235 255 207 254 6 0 254 255 19351286
58 2 236 1 170 255 202 254 4 0 254 255 19625791
25 2 232 1 226 255 57 1 4 0 254 255 19626258
162 1 51 1 53 0 50 1 4 0 255 255 19852411
161 1 67 1 87 0 47 1 5 0 0 0 19853294
112 1 113 1 232 255 43 1 6 0 0 0 19928902
126 1 157 1 177 255 40 1 7 0 0 0 20023086
134 1 171 1 174 255 37 1 7 0 0 0 20117349
43 1 200 1 194 255 34 1 6 0 0 0 20353499
238 0 178 1 27 0 30 1 7 0 0 0 20354178
232 0 115 1 38 0 26 1 7 0 0 0 20408086
253 0 59 1 237 255 22 1 7 0 0 0 20576276
36 1 18 1 217 255 18 1 7 0 0 0 20600674
102 1 40 1 198 255 14 1 7 0 0 0 20803565
179 1 63 1 186 255 9 1 7 0 0 0 20805376
230 1 54 1 187 255 5 1 6 0 255 255 20887443
247 1 28 1 180 255 1 1 6 0 255 255 21083593
204 1 244 0 42 0 253 0 5 0 255 255 21084161
125 1 201 0 44 0 250 0 6 0 255 255 21309042
109 1 229 0 0 0 246 0 7 0 255 255 21309601
168 1 13 1 215 255 243 0 7 0 255 255 21366655
156 1 58 1 176 255 240 0 7 0 254 255 21487170
91 1 71 1 215 255 237 0 7 0 254 255 21559144
227 0 76 1 27 0 235 0 7 0 253 255 21768342
157 0 91 1 25 0 232 0 7 0 253 255 21768813
180 0 122 1 223 255 229 0 8 0 252 255 21845946
30 1 139 1 206 255 227 0 8 0 252 255 22044957
165 1 148 1 244 255 226 0 7 0 251 255 22045643
250 1 129 1 253 255 226 0 6 0 251 255 22267856
236 1 59 1 32 0 225 0 6 0 251 255 22268391
216 1 31 1 28 0 226 0 7 0 252 255 22325166
234 1 36 1 76 0 227 0 7 0 252 255 22491273
204 1 62 1 49 0 228 0 7 0 252 255 22517677
134 1 113 1 171 255 229 0 7 0 252 255 22724315
39 1 121 1 213 255 229 0 8 0 252 255 22724699
0 1 39 1 215 255 228 0 9 0 252 255 22804451
156 0 238 0 221 255 228 0 9 0 253 255 22959250
81 0 235 0 254 255 227 0 10 0 253 255 22997023
98 0 252 0 242 255 227 0 10 0 252 255 23238301
250 0 193 0 218 255 226 0 10 0 252 255 23239439
102 1 160 0 170 255 226 0 9 0 253 255 23283740
165 1 147 0 156 255 224 0 8 0 253 255 23462602
171 1 95 0 203 255 224 0 7 0 253 255 23476304
134 1 39 0 9 0 223 0 7 0 253 255 23694867
225 0 67 0 197 0 223 0 9 0 253 255 23695270
177 0 166 0 69 0 222 0 9 0 253 255 23762978
111 0 54 1 229 255 222 0 10 0 253 255 23931250
151 0 198 1 181 255 220 0 9 0 253 255 23955526
99 0 31 2 249 255 218 0 8 0 252 255 24165733
60 0 40 2 19 0 216 0 8 0 251 255 24166361
124 0 231 1 229 255 213 0 9 0 252 255 24242286
33 1 168 1 162 255 212 0 8 0 252 255 24449642
103 1 109 1 190 255 211 0 7 0 252 255 24450492
100 1 0 1 242 255 211 0 7 0 252 255 24671721
71 1 175 0 43 0 213 0 7 0 253 255 24672407
35 1 136 0 135 0 216 0 8 0 253 255 24721524
4 1 168 0 24 0 219 0 8 0 254 255 24905746
168 0 136 0 36 0 223 0 9 0 254 255 24914083
175 0 160 0 242 255 228 0 9 0 254 255 25135593
177 0 101 0 218 255 231 0 9 0 254 255 25136134
143 0 56 0 208 255 235 0 9 0 254 255 25200744
108 0 19 0 196 255 238 0 9 0 254 255 25415335
82 0 17 0 196 255 242 0 9 0 254 255 25415840
115 0 1 0 1 0 245 0 8 0 254 255 25640532
179 0 230 255 17 0 248 0 8 0 254 255 25641133
226 0 214 255 239 255 251 0 8 0 255 255 25684049
5 1 233 255 180 255 254 0 8 0 254 255 25865392
242 0 51 0 204 255 0 1 9 0 254 255 25872631
2 1 85 0 247 255 2 1 10 0 254 255 26093582
49 1 78 0 32 0 5 1 10 0 253 255 26094291
43 1 22 0 4 0 7 1 10 0 254 255 26163414
60 1 41 0 168 255 9 1 9 0 254 255 26381253
9 1 72 0 211 255 12 1 8 0 253 255 26381807
192 0 87 0 255 255 15 1 8 0 253 255 26604665
168 0 127 0 246 255 17 1 8 0 253 255 26605286
190 0 250 0 193 255 21 1 7 0 252 255 26638618
1 1 19 1 234 255 25 1 6 0 251 255 26836409
222 0 188 0 29 0 33 1 5 0 252 255 27070447
1 1 191 0 20 0 37 1 5 0 252 255 27071260
18 1 177 0 25 0 41 1 5 0 252 255 27121876
252 0 161 0 11 0 45 1 5 0 252 255 27302545
223 0 157 0 101 0 49 1 6 0 252 255 27310294
202 0 152 0 78 0 54 1 6 0 252 255 27537520
105 0 96 0 43 0 199 254 7 0 253 255 27538091
112 0 87 0 253 255 205 254 7 0 253 255 27601203
57 0 126 0 235 255 211 254 8 0 253 255 27774723
17 0 158 0 209 255 216 254 8 0 253 255 27789658
12 0 62 0 236 255 222 254 9 0 253 255 28053658
48 0 6 0 206 255 228 254 8 0 254 255 28054094
135 0 197 255 183 255 233 254 8 0 254 255 28080450
241 0 133 255 245 255 238 254 8 0 254 255 28276671
251 0 145 255 219 255 242 254 7 0 255 255 28277281
242 0 141 255 161 255 245 254 8 0 255 255 28510779
36 1 160 255 157 255 249 254 8 0 255 255 28511373
82 1 190 255 176 255 252 254 7 0 255 255 28555586
138 1 155 255 242 255 255 254 7 0 255 255 28747326
113 1 195 255 33 0 1 255 7 0 255 255 28752217
43 1 198 255 228 255 3 255 6 0 255 255 28846457
165 0 251 255 253 255 6 255 6 0 254 255 28940643
75 0 4 0 237 255 8 255 6 0 254 255 29038965
35 0 84 0 135 255 11 255 7 0 254 255 29241616
99 0 126 0 202 255 14 255 7 0 254 255 29242152
142 0 162 0 237 255 18 255 6 0 253 255 29325710
154 0 185 0 48 0 21 255 5 0 253 255 29476693
219 0 98 0 98 0 23 255 5 0 253 255 29518234
251 0 25 0 60 0 26 255 5 0 254 255 29712041
21 1 18 0 30 0 29 255 5 0 254 255 29712657
28 1 40 0 38 0 32 255 5 0 254 255 29805004
51 1 0 0 88 0 35 255 6 0 254 255 29989615
64 1 13 0 37 0 38 255 6 0 255 255 29997532
90 1 53 0 242 255 42 255 6 0 254 255 30213869
98 1 81 0 211 255 46 255 5 0 254 255 30214571
240 0 151 0 219 255 50 255 5 0 253 255 30284189
177 0 194 0 164 255 54 255 5 0 252 255 30447579
96 0 158 0 222 255 57 255 5 0 252 255 30476771
28 0 51 0 226 255 60 255 6 0 252 255 30686670
88 0 202 255 181 255 63 255 6 0 253 255 30687497
77 0 162 255 246 255 66 255 6 0 254 255 30763550
123 0 133 255 16 0 69 255 6 0 254 255 30914840
159 0 106 255 233 255 72 255 5 0 254 255 30956030
33 1 105 255 186 255 76 255 6 0 255 255 31158822
31 1 218 255 12 0 78 255 6 0 255 255 31242752
225 0 83 0 108 0 79 255 6 0 254 255 31437871
194 0 255 255 174 255 81 255 6 0 254 255 31662510
239 0 217 255 189 255 82 255 6 0 254 255 31663393
0 1 209 255 178 255 84 255 6 0 254 255 31722028
200 0 28 0 209 255 87 255 6 0 254 255 31893309
122 0 106 0 255 255 90 255 6 0 254 255 31914595
53 0 131 0 245 255 92 255 7 0 253 255 32173659
29 0 172 0 221 255 95 255 7 0 253 255 32174556
37 0 235 0 15 0 97 255 8 0 253 255 32205323
140 0 251 0 32 0 100 255 7 0 253 255 32397501
178 0 31 1 27 0 102 255 6 0 253 255 32398169
188 0 81 1 246 255 104 255 5 0 253 255 32621995
206 0 130 1 0 0 106 255 5 0 253 255 32623549
217 0 64 1 77 0 107 255 6 0 254 255 32680723
218 0 8 1 130 0 109 255 6 0 254 255 32854249
234 0 179 0 120 0 110 255 7 0 255 255 32873148
207 0 81 0 22 0 112 255 6 0 0 0 33088702
182 0 251 255 232 255 114 255 7 0 0 0 33089594
238 0 255 255 226 255 115 255 6 0 0 0 33159860
210 0 250 255 175 255 117 255 7 0 0 0 33371659
237 0 203 255 183 255 119 255 7 0 0 0 33372212
1 1 118 255 215 255 122 255 6 0 0 0 33591579
214 0 80 255 215 255 124 255 6 0 1 0 33643187
210 0 18 255 217 255 126 255 6 0 1 0 33819573
230 0 238 254 168 255 128 255 6 0 2 0 33831583
29 1 217 254 165 255 130 255 6 0 2 0 34052798
72 1 230 254 1 0 132 255 5 0 2 0 34053517
58 1 244 254 255 255 134 255 4 0 2 0 34118327
26 1 37 255 240 255 137 255 5 0 2 0 34383648
83 1 56 255 226 255 139 255 5 0 2 0 34384614
163 1 18 255 205 255 141 255 5 0 2 0 34499896
240 1 18 255 213 255 143 255 4 0 2 0 34503327
205 1 31 255 3 0 144 255 4 0 2 0 34601659
130 1 28 255 29 0 146 255 4 0 2 0 34786787
62 1 67 255 52 0 146 255 5 0 2 0 34790099
87 1 123 255 37 0 148 255 6 0 1 0 35018761
112 1 159 255 235 255 149 255 5 0 0 0 35019305
75 1 179 255 208 255 149 255 5 0 0 0 35080947
66 1 182 255 234 255 150 255 5 0 0 0 35247150
47 1 29 0 215 255 151 255 5 0 0 0 35269407
230 0 135 0 229 255 151 255 5 0 0 0 35541246
219 0 172 0 155 255 151 255 5 0 0 0 35541821
234 0 233 0 234 255 151 255 5 0 0 0 35560190
67 1 218 0 54 0 151 255 4 0 0 0 35758057
29 1 58 0 36 0 150 255 4 0 1 0 35758632
4 1 6 0 42 0 151 255 5 0 1 0 35983086
79 1 245 255 18 0 151 255 5 0 1 0 35983905
86 1 237 255 0 0 153 255 4 0 1 0 36039551
88 1 205 255 238 255 153 255 5 0 1 0 36213855
84 1 191 255 38 0 153 255 5 0 2 0 36231956
117 1 233 255 59 0 153 255 6 0 1 0 36502246
81 1 7 0 245 255 153 255 5 0 2 0 36502811
228 0 239 255 231 255 152 255 6 0 2 0 36518765
204 0 214 255 199 255 152 255 6 0 2 0 36728401
76 0 225 255 207 255 151 255 6 0 2 0 36728985
14 0 237 255 183 255 149 255 7 0 3 0 36949476
76 0 229 255 228 255 147 255 6 0 3 0 36950299
108 0 177 255 54 0 144 255 6 0 4 0 36993946
100 0 134 255 242 255 141 255 6 0 5 0 37184373
82 0 172 255 239 255 137 255 7 0 5 0 37190515
75 0 211 255 37 0 133 255 7 0 4 0 37284752
20 0 36 0 54 0 129 255 8 0 3 0 37383033
239 255 115 0 107 0 123 255 9 0 2 0 37477237
208 255 141 0 59 0 117 255 9 0 1 0 37687254
176 255 191 0 10 0 112 255 9 0 0 0 37687975
214 255 232 0 228 255 107 255 9 0 0 0 37764002
248 255 28 1 214 255 102 255 9 0 0 0 37923465
30 0 24 1 207 255 91 255 8 0 0 0 38158315
34 0 11 1 214 255 86 255 8 0 0 0 38158887
21 0 30 1 220 255 80 255 9 0 0 0 38243274
19 0 41 1 4 0 74 255 9 0 0 0 38442044
28 0 66 1 218 255 68 255 9 0 0 0 38442575
34 0 125 1 237 255 62 255 10 0 255 255 38664705
85 0 143 1 25 0 55 255 9 0 255 255 38665278
66 0 84 1 76 0 49 255 9 0 255 255 38722575
47 0 42 1 64 0 42 255 10 0 255 255 38942001
118 0 37 1 3 0 35 255 11 0 0 0 38943469
177 0 37 1 194 255 29 255 11 0 0 0 39166017
217 0 46 1 146 255 23 255 10 0 0 0 39166701
200 0 80 1 7 0 17 255 10 0 0 0 39201795
110 0 106 1 113 0 12 255 10 0 255 255 39394187
48 0 8 1 130 0 7 255 11 0 255 255 39394650
245 255 178 0 33 0 2 255 11 0 255 255 39616952
241 255 222 0 232 255 254 254 11 0 255 255 39617696
1 0 9 1 244 255 250 254 11 0 255 255 39681095
223 255 5 1 241 255 246 254 11 0 255 255 39856351
173 255 255 0 235 255 242 254 11 0 255 255 39873567
160 255 59 1 251 255 239 254 11 0 255 255 40084101
217 255 60 1 36 0 236 254 11 0 254 255 40084670
88 0 250 0 14 0 232 254 11 0 255 255 40160343
170 0 227 0 233 255 230 254 10 0 255 255 40371504
163 0 59 1 183 255 228 254 10 0 254 255 40372552
65 0 72 1 199 255 225 254 11 0 253 255 40590321
117 0 70 1 32 0 223 254 12 0 253 255 40591039
85 0 31 1 168 0 220 254 13 0 253 255 40639622
69 0 22 1 238 255 217 254 13 0 254 255 40824101
56 0 77 1 197 255 215 254 13 0 253 255 40832152
45 0 109 1 250 255 213 254 11 0 253 255 41103145
237 255 57 1 34 0 211 254 11 0 254 255 41103773
162 255 66 1 15 0 210 254 11 0 253 255 41118885
135 255 162 1 217 255 209 254 12 0 253 255 41328842
250 255 138 1 214 255 210 254 12 0 252 255 41329543
99 0 152 1 211 255 210 254 10 0 252 255 41552384
126 0 157 1 250 255 211 254 10 0 252 255 41553108
118 0 182 1 38 0 213 254 10 0 252 255 41598121
167 0 149 1 29 0 215 254 10 0 252 255 41775366
182 0 122 1 10 0 217 254 10 0 252 255 41790645
132 0 18 1 121 0 220 254 10 0 253 255 42052833
53 0 34 1 75 0 224 254 11 0 252 255 42053412
224 255 212 0 117 0 227 254 11 0 253 255 42077398
225 255 221 0 91 0 231 254 11 0 253 255 42282998
161 255 236 0 13 0 236 254 11 0 253 255 42283901
112 255 214 0 13 0 240 254 11 0 253 255 42501012
118 255 184 0 243 255 244 254 10 0 252 255 42501648
120 255 190 0 248 255 248 254 10 0 252 255 42556661
138 255 126 0 249 255 252 254 10 0 253 255 42725238
159 255 150 0 12 0 1 255 10 0 253 255 42749162
175 255 232 0 20 0 6 255 10 0 252 255 42959524
212 255 27 1 57 0 10 255 10 0 252 255 42960497
189 255 231 0 47 0 15 255 10 0 252 255 43040028
193 255 227 0 1 0 19 255 10 0 252 255 43245500
0 0 254 0 0 0 23 255 11 0 251 255 43246003
48 0 238 0 42 0 27 255 10 0 251 255 43469564
45 0 182 0 41 0 32 255 10 0 252 255 43470171
32 0 166 0 9 0 36 255 10 0 253 255 43519225
86 0 119 0 201 255 40 255 10 0 253 255 43703546
129 0 143 0 161 255 45 255 9 0 253 255 43707662
156 0 37 0 1 0 50 255 9 0 254 255 43926855
222 0 59 0 252 255 54 255 7 0 255 255 43927500
176 0 254 255 52 0 57 255 7 0 255 255 43998538
168 0 219 255 219 255 59 255 7 0 255 255 44162879
204 0 196 255 208 255 61 255 8 0 255 255 44186950
252 0 139 255 187 255 62 255 7 0 255 255 44443199
215 0 208 255 36 0 62 255 7 0 255 255 44444535
210 0 215 255 144 0 62 255 8 0 0 0 44477848
158 0 245 255 105 0 62 255 9 0 0 0 44661948
122 0 33 0 249 255 62 255 9 0 0 0 44666200
49 0 30 0 236 255 62 255 10 0 0 0 44895135
110 0 243 255 189 255 61 255 9 0 0 0 44895577
255 255 30 0 213 255 62 255 9 0 0 0 44957009
211 255 69 0 251 255 61 255 9 0 0 0 45127103
241 255 135 0 0 0 61 255 9 0 0 0 45149580
56 0 186 0 4 0 62 255 9 0 0 0 45359340
138 0 106 0 234 255 63 255 8 0 0 0 45359926
156 0 119 0 245 255 65 255 9 0 0 0 45436292
170 0 134 0 239 255 66 255 9 0 255 255 45656614
147 0 77 0 48 0 69 255 9 0 0 0 45657349
134 0 68 0 140 0 72 255 10 0 0 0 45876516
151 0 137 0 18 0 74 255 8 0 255 255 45877016
72 0 81 0 51 0 77 255 9 0 255 255 45915536
48 0 239 255 84 0 80 255 9 0 255 255 46063814
222 255 165 255 227 255 83 255 9 0 0 0 46108058
228 255 185 255 195 255 87 255 10 0 255 255 46361879
233 255 182 255 185 255 92 255 9 0 255 255 46362594
254 255 119 255 232 255 95 255 8 0 0 0 46394813
220 255 73 255 228 255 99 255 8 0 0 0 46544489
0 0 150 255 218 255 101 255 8 0 255 255 46587367
59 0 238 255 184 255 102 255 7 0 255 255 46839769
125 0 236 255 196 255 104 255 7 0 254 255 46840709
204 0 239 255 221 255 105 255 7 0 254 255 46874061
239 0 219 255 251 255 107 255 6 0 254 255 47074792
237 0 216 255 15 0 108 255 6 0 254 255 47075484
182 0 210 255 51 0 109 255 7 0 254 255 47307472
147 0 207 255 47 0 109 255 8 0 254 255 47308091
157 0 204 255 13 0 110 255 9 0 254 255 47353380
194 0 172 255 38 0 111 255 10 0 254 255 47548478
141 0 170 255 4 0 112 255 9 0 254 255 47548985
46 0 187 255 205 0 113 255 10 0 254 255 47640045
17 0 176 255 202 255 114 255 10 0 254 255 47734312
195 255 169 255 235 255 114 255 9 0 255 255 47832736
190 255 7 0 217 255 115 255 10 0 254 255 48044952
24 0 103 0 191 255 116 255 8 0 254 255 48045477
85 0 73 0 240 255 117 255 7 0 254 255 48123470
129 0 60 0 26 0 117 255 8 0 254 255 48278141
171 0 39 0 68 0 117 255 8 0 254 255 48311898
156 0 51 0 7 0 118 255 8 0 254 255 48512509
174 0 16 0 238 255 119 255 8 0 254 255 48513039
186 0 222 255 28 0 121 255 8 0 254 255 48598664
195 0 201 255 141 0 123 255 8 0 255 255 48794344
191 0 195 255 57 0 125 255 8 0 255 255 48794834
130 0 172 255 9 0 128 255 7 0 0 0 49021288
91 0 164 255 217 255 130 255 8 0 0 0 49022124
91 0 175 255 228 255 132 255 8 0 0 0 49077960
81 0 203 255 216 255 137 255 7 0 255 255 49270420
38 0 170 255 219 255 138 255 8 0 255 255 49488470
23 0 119 255 175 255 140 255 8 0 255 255 49488959
48 0 59 255 154 255 142 255 9 0 255 255 49561247
185 0 0 255 176 255 144 255 9 0 0 0 49719801
71 1 32 255 214 255 146 255 7 0 0 0 49749708
19 1 136 255 248 255 148 255 5 0 255 255 49955388
225 0 111 255 206 255 149 255 6 0 0 0 49955915
246 0 116 255 208 255 151 255 6 0 0 0 50036438
43 1 163 255 207 255 151 255 7 0 255 255 50244213
83 1 147 255 26 0 152 255 7 0 255 255 50244838
78 1 138 255 164 0 153 255 7 0 255 255 50472734
40 1 96 255 95 0 153 255 8 0 0 0 50474098
203 0 31 255 174 255 154 255 8 0 0 0 50515681
100 0 122 255 174 255 155 255 8 0 0 0 50694132
27 0 146 255 210 255 155 255 8 0 0 0 50708226
249 255 178 255 225 255 155 255 8 0 0 0 50929009
51 0 202 255 183 255 155 255 8 0 0 0 50929568
54 0 231 255 231 255 155 255 7 0 0 0 50999006
81 0 187 255 1 0 155 255 7 0 0 0 51214798
168 0 216 255 241 255 155 255 6 0 0 0 51215634
241 0 229 255 44 0 155 255 6 0 0 0 51437807
29 1 222 255 106 0 155 255 6 0 1 0 51438816
2 1 17 0 132 0 154 255 7 0 1 0 51478314
19 1 24 0 123 0 153 255 8 0 1 0 51669877
239 0 234 0 221 255 153 255 8 0 1 0 51670320
118 0 202 255 175 255 152 255 9 0 0 0 51905093
31 0 169 255 199 255 151 255 9 0 1 0 51905652
166 255 166 255 169 255 150 255 8 0 1 0 51953468
191 255 130 255 180 255 148 255 9 0 1 0 52138394
40 0 109 255 200 255 146 255 8 0 2 0 52146005
56 0 123 255 224 255 143 255 7 0 2 0 52422457
83 0 75 255 245 255 140 255 7 0 2 0 52422944
89 0 58 255 17 0 136 255 7 0 2 0 52436826
38 0 92 255 62 0 132 255 8 0 2 0 52646433
195 255 252 255 91 0 128 255 9 0 1 0 52647139
145 255 65 0 39 0 123 255 10 0 0 0 52723592
124 255 204 0 102 0 117 255 10 0 255 255 52878081
115 255 167 0 16 0 110 255 11 0 255 255 52912019
84 255 209 0 191 255 105 255 10 0 255 255 53115919
52 255 41 1 235 255 99 255 10 0 254 255 53116539
36 255 101 1 35 0 92 255 10 0 254 255 53202871
45 255 90 1 57 0 86 255 10 0 254 255 53401052
37 255 123 1 35 0 79 255 10 0 253 255 53401496
54 255 164 1 28 0 73 255 9 0 253 255 53626205
97 255 157 1 35 0 67 255 9 0 253 255 53626663
126 255 133 1 26 0 62 255 9 0 252 255 53682122
237 255 145 1 7 0 57 255 9 0 252 255 53847293
55 0 98 1 36 0 52 255 9 0 252 255 53874607
83 0 32 1 33 0 48 255 8 0 252 255 54130462
98 0 39 1 10 0 45 255 8 0 252 255 54131278
63 0 75 1 58 0 42 255 9 0 252 255 54161367
252 255 71 1 109 0 39 255 9 0 253 255 54355588
200 255 13 1 28 0 36 255 10 0 253 255 54356437
185 255 178 0 232 255 34 255 11 0 254 255 54576872
252 255 159 0 217 255 31 255 10 0 254 255 54577376
217 255 119 0 205 255 28 255 9 0 255 255 54640652
185 255 152 0 219 255 26 255 9 0 255 255 54811231
183 255 166 0 232 255 23 255 9 0 255 255 54833121
220 255 141 0 1 0 20 255 9 0 255 255 55051511
30 0 123 0 10 0 16 255 9 0 255 255 55053280
40 0 134 0 18 0 13 255 9 0 255 255 55119890
81 0 123 0 217 255 10 255 9 0 255 255 55335613
81 0 152 0 255 255 7 255 9 0 255 255 55336152
111 0 218 0 32 0 3 255 10 0 255 255 55559092
144 0 27 1 49 0 0 255 10 0 254 255 55559608
66 0 72 1 60 0 252 254 10 0 254 255 55599202
77 0 48 1 79 0 248 254 12 0 254 255 55784501
99 0 22 1 6 0 245 254 12 0 255 255 55791654
24 0 87 1 44 0 240 254 12 0 254 255 56019099
23 0 125 1 49 0 236 254 11 0 254 255 56019868
60 0 77 1 17 0 232 254 11 0 254 255 56082502
53 0 33 1 3 0 227 254 10 0 254 255 56257307
162 255 85 1 254 255 223 254 10 0 254 255 56270905
115 255 177 1 226 255 219 254 11 0 253 255 56543905
101 255 249 1 29 0 214 254 11 0 252 255 56544410
51 255 53 2 63 0 210 254 12 0 251 255 56561763
123 255 57 2 16 0 205 254 13 0 250 255 56770169
9 0 61 2 252 255 201 254 13 0 250 255 56770744
133 0 38 2 195 255 57 1 12 0 249 255 56993121
5 1 0 2 183 255 55 1 11 0 249 255 56993745
70 1 1 2 205 255 54 1 10 0 249 255 57036983
129 1 250 1 49 0 54 1 10 0 249 255 57232752
107 1 57 2 105 0 53 1 9 0 249 255 57233891
34 1 3 2 45 0 53 1 10 0 250 255 57503793
234 0 191 1 14 0 54 1 10 0 251 255 57504288
89 0 105 1 59 0 55 1 11 0 252 255 57516210
59 0 80 1 176 255 56 1 11 0 252 255 57728803
10 0 98 1 199 255 56 1 11 0 252 255 57729368
211 255 70 1 224 255 56 1 11 0 252 255 57951771
1 0 246 0 27 0 56 1 11 0 253 255 57952238
252 255 254 0 22 0 56 1 9 0 253 255 57995511
126 255 26 1 43 0 54 1 9 0 252 255 58183867
230 255 8 1 5 0 53 1 11 0 252 255 58187957
119 0 20 1 203 255 53 1 10 0 252 255 58460934
135 0 6 1 221 255 52 1 10 0 252 255 58461564
148 0 240 0 125 0 51 1 10 0 252 255 58478863
99 0 9 1 189 0 51 1 11 0 252 255 58684779
16 0 31 1 255 255 52 1 11 0 252 255 58685310
204 255 3 1 172 255 51 1 12 0 252 255 58863267
244 255 233 0 170 255 51 1 12 0 253 255 58863866
191 255 16 1 231 255 51 1 11 0 253 255 58958065
153 255 76 1 1 0 52 1 10 0 252 255 59156830
206 255 142 1 5 0 52 1 9 0 252 255 59158474
200 255 158 1 23 0 52 1 9 0 252 255 59386862
237 255 165 1 33 0 53 1 8 0 251 255 59387363
21 0 151 1 0 0 54 1 8 0 251 255 59437334
73 0 129 1 25 0 56 1 9 0 251 255 59669733
69 0 142 1 18 0 199 254 9 0 251 255 59670282
63 0 207 1 224 255 203 254 9 0 251 255 59893852
144 0 204 1 143 0 207 254 10 0 250 255 59894272
227 255 6 1 37 0 215 254 11 0 252 255 60120866
4 0 244 0 71 0 221 254 11 0 252 255 60122338
190 255 219 0 47 0 227 254 12 0 252 255 60342362
154 255 162 0 31 0 232 254 12 0 252 255 60343491
143 255 138 0 236 255 237 254 12 0 253 255 60395867
192 255 79 0 213 255 242 254 12 0 253 255 60621657
195 255 14 0 210 255 247 254 11 0 254 255 60622899
182 255 213 255 33 0 252 254 11 0 254 255 60844034
20 0 179 255 15 0 1 255 11 0 254 255 60844771
55 0 208 255 250 255 6 255 10 0 254 255 60875106
78 0 31 0 222 255 11 255 10 0 253 255 61068192
131 0 34 0 232 255 16 255 10 0 252 255 61068913
159 0 34 0 205 255 21 255 9 0 252 255 61302452
122 0 41 0 206 255 25 255 8 0 251 255 61303485
89 0 2 0 231 255 28 255 9 0 252 255 61354392
142 0 28 0 36 0 31 255 9 0 251 255 61533821
205 0 70 0 70 0 35 255 9 0 251 255 61546925
112 0 76 0 19 0 39 255 9 0 251 255 61763417
22 0 101 0 220 255 43 255 10 0 251 255 61763972
29 0 152 0 171 255 47 255 10 0 250 255 61833671
10 0 117 0 204 255 51 255 10 0 249 255 62046269
58 0 41 0 0 0 56 255 8 0 249 255 62046985
18 0 254 255 48 0 61 255 6 0 249 255 62275641
238 255 229 255 41 0 66 255 7 0 250 255 62277332
17 0 59 0 28 0 71 255 6 0 249 255 62312914
4 0 154 0 249 255 76 255 7 0 249 255 62503890
48 0 151 0 0 0 81 255 8 0 248 255 62505585
65 0 92 0 56 0 86 255 8 0 249 255 62735630
36 0 48 0 110 0 92 255 8 0 249 255 62736093
242 255 87 0 7 0 97 255 9 0 249 255 62792145
239 255 49 0 1 0 103 255 9 0 249 255 62970445
0 0 246 255 247 255 108 255 9 0 250 255 62984705
2 0 230 255 241 255 114 255 10 0 250 255 63201428
20 0 206 255 225 255 119 255 10 0 251 255 63201853
61 0 152 255 236 255 123 255 9 0 251 255 63271438
105 0 118 255 233 255 128 255 9 0 251 255 63495441
158 0 119 255 218 255 133 255 8 0 251 255 63496543
163 0 95 255 217 255 137 255 8 0 252 255 63716859
180 0 38 255 224 255 140 255 8 0 253 255 63717235
196 0 3 255 201 255 143 255 7 0 254 255 63750701
216 0 20 255 183 255 146 255 7 0 255 255 63941133
76 1 54 255 211 255 150 255 6 0 0 0 64174938
98 1 66 255 250 255 152 255 5 0 0 0 64175391
230 0 88 255 41 0 153 255 6 0 0 0 64229966
239 0 107 255 225 255 154 255 7 0 0 0 64460168
75 1 105 255 177 255 155 255 7 0 0 0 64460880
131 1 118 255 172 255 155 255 6 0 0 0 64681823
137 1 95 255 203 255 156 255 6 0 0 0 64682448
79 1 41 255 45 0 157 255 6 0 1 0 64709263
239 0 66 255 56 0 158 255 7 0 1 0 64907106
133 0 152 255 84 0 158 255 8 0 0 0 64908628
90 0 135 255 235 255 158 255 9 0 1 0 65000135
165 0 93 255 229 255 159 255 9 0 1 0 65094228
196 0 59 255 238 255 160 255 8 0 1 0 65188576
199 0 125 255 251 255 160 255 8 0 1 0 65404893
204 0 153 255 237 255 160 255 8 0 0 0 65405632
240 0 207 255 225 255 160 255 8 0 0 0 65475227
63 1 232 255 250 255 161 255 7 0 0 0 65639735
60 1 254 255 252 255 161 255 7 0 0 0 65667807
49 1 252 255 45 0 160 255 7 0 0 0 65877453
25 1 169 255 157 0 161 255 7 0 0 0 65878028
152 0 94 255 9 0 162 255 8 0 1 0 65958645
143 0 128 255 159 255 163 255 9 0 1 0 66108906
135 0 211 255 246 255 164 255 9 0 0 0 66147092
112 0 159 255 9 0 164 255 9 0 0 0 66387887
97 0 96 255 235 255 165 255 9 0 1 0 66388762
150 0 101 255 176 255 166 255 8 0 0 0 66433774
225 0 75 255 204 255 167 255 7 0 0 0 66611223
236 0 10 255 15 0 167 255 6 0 1 0 66630395
181 0 230 254 46 0 167 255 6 0 2 0 66843450
242 0 4 255 236 255 167 255 6 0 2 0 66844121
235 0 107 255 243 255 167 255 6 0 1 0 66913016
249 0 190 255 238 255 166 255 6 0 0 0 67079805
227 0 213 255 243 255 165 255 6 0 0 0 67109592
171 0 192 255 245 255 164 255 7 0 0 0 67349101
186 0 20 0 238 255 164 255 8 0 0 0 67349809
178 0 14 0 26 0 164 255 8 0 0 0 67396357
146 0 216 255 235 255 165 255 8 0 0 0 67570739
94 0 188 255 205 255 165 255 9 0 0 0 67584812
108 0 211 255 4 0 165 255 9 0 0 0 67807910
135 0 216 255 245 255 165 255 8 0 0 0 67808755
102 0 229 255 65 0 165 255 8 0 255 255 67871557
85 0 16 0 38 0 165 255 7 0 255 255 68044629
127 0 37 0 208 255 166 255 7 0 255 255 68068170
174 0 79 0 234 255 167 255 7 0 254 255 68333024
207 0 25 0 58 0 168 255 7 0 255 255 68333692
196 0 187 255 162 0 170 255 7 0 0 0 68354908
62 0 158 255 26 0 172 255 8 0 0 0 68558051
27 0 169 255 202 255 174 255 8 0 0 0 68558759
14 0 210 255 211 255 175 255 9 0 0 0 68780837
61 0 203 255 11 0 177 255 8 0 0 0 68781322
72 0 170 255 255 255 178 255 8 0 0 0 68834170
60 0 125 255 235 255 180 255 8 0 0 0 69017296
55 0 53 255 201 255 182 255 8 0 0 0 69026671
107 0 251 254 187 255 184 255 8 0 0 0 69304400
168 0 252 254 219 255 187 255 8 0 0 0 69304978
244 0 245 254 176 255 189 255 8 0 0 0 69313442
54 1 20 255 215 255 191 255 7 0 0 0 69529697
70 1 62 255 198 255 193 255 6 0 0 0 69530255
45 1 136 255 161 255 195 255 6 0 255 255 69750373
88 1 208 255 147 255 197 255 6 0 254 255 69750805
50 1 2 0 17 0 199 255 7 0 254 255 69792681
207 0 66 0 98 0 201 255 7 0 253 255 69982847
156 0 20 0 22 0 201 255 9 0 254 255 69985165
164 0 241 255 211 255 202 255 9 0 254 255 70258039
121 0 208 255 218 255 203 255 10 0 254 255 70258525
163 0 162 255 41 0 204 255 9 0 254 255 70271968
177 0 148 255 51 0 205 255 9 0 254 255 70483112
226 0 148 255 246 255 205 255 8 0 254 255 70483996
225 0 226 255 0 0 204 255 7 0 254 255 70558729
206 0 60 0 1 0 204 255 7 0 254 255 70652939
194 0 112 0 207 255 203 255 8 0 253 255 70751268
226 0 147 0 209 255 202 255 8 0 253 255 70986742
248 0 82 0 0 0 202 255 7 0 254 255 70988021
172 0 211 255 102 0 202 255 8 0 255 255 71037988
70 0 120 255 38 0 202 255 8 0 0 0 71253694
16 0 171 255 199 255 202 255 9 0 0 0 71254248
41 0 206 255 206 255 202 255 9 0 0 0 71437768
64 0 166 255 208 255 202 255 9 0 0 0 71438378
58 0 72 255 247 255 201 255 9 0 0 0 71517208
59 0 230 254 22 0 199 255 8 0 1 0 71659947
10 0 171 254 13 0 197 255 9 0 2 0 71709740
244 255 199 254 216 255 194 255 10 0 3 0 71948709
44 0 7 255 204 255 191 255 11 0 2 0 71949242
94 0 24 255 13 0 187 255 11 0 2 0 71996551
134 0 234 254 14 0 183 255 11 0 2 0 72173476
147 0 18 255 245 255 179 255 11 0 2 0 72189011
136 0 45 255 247 255 174 255 12 0 2 0 72451734
152 0 30 255 229 255 170 255 12 0 2 0 72452640
111 0 64 255 75 0 165 255 12 0 2 0 72475812
117 0 93 255 1 0 161 255 13 0 2 0 72672397
100 0 205 255 24 0 158 255 12 0 2 0 72672878
8 0 241 255 17 0 155 255 13 0 1 0 72898259
192 255 4 0 13 0 151 255 14 0 1 0 72898874
132 255 17 0 8 0 148 255 14 0 1 0 72954991
84 255 46 0 241 255 145 255 14 0 1 0 73133730
47 255 122 0 41 0 142 255 14 0 1 0 73147571
69 255 180 0 71 0 139 255 14 0 0 0 73362826
146 255 224 0 36 0 137 255 14 0 0 0 73363434
221 255 15 1 248 255 135 255 14 0 0 0 73438390
253 255 232 0 253 255 132 255 14 0 0 0 73598171
28 0 158 0 10 0 130 255 14 0 0 0 73626803
61 0 88 0 71 0 129 255 14 0 1 0 73886974
86 0 58 0 156 0 128 255 14 0 2 0 73887588
59 0 109 0 11 0 128 255 13 0 2 0 73917629
201 255 119 0 4 0 127 255 13 0 2 0 74110248
210 255 61 0 227 255 127 255 14 0 2 0 74110843
200 255 253 255 174 255 128 255 14 0 2 0 74334997
213 255 237 255 197 255 128 255 13 0 2 0 74335654
183 255 188 255 247 255 129 255 13 0 2 0 74392842
106 0 212 255 3 0 130 255 12 0 2 0 74589424
86 0 178 255 28 0 130 255 11 0 2 0 74798006
87 0 197 255 239 255 130 255 11 0 2 0 74798709
19 0 210 255 0 0 129 255 12 0 1 0 74876154
29 0 238 255 103 0 128 255 12 0 1 0 75074856
101 0 231 255 147 0 128 255 13 0 1 0 75075555
64 0 8 0 22 0 128 255 12 0 1 0 75298158
228 255 55 0 11 0 128 255 12 0 0 0 75298814
127 255 78 0 194 255 129 255 13 0 0 0 75355439
64 255 98 0 151 255 129 255 12 0 0 0 75530897
232 254 133 0 243 255 130 255 12 0 0 0 75547941
239 254 101 0 0 0 131 255 13 0 0 0 75809437
88 255 149 0 20 0 133 255 12 0 0 0 75811471
173 255 199 0 24 0 133 255 12 0 0 0 75834702
245 255 210 0 24 0 135 255 11 0 0 0 76036500
49 0 230 0 31 0 137 255 11 0 0 0 76038562
93 0 197 0 47 0 139 255 11 0 0 0 76254364
104 0 159 0 157 0 143 255 11 0 0 0 76255068
59 0 93 0 134 0 146 255 10 0 0 0 76309830
232 255 22 0 53 0 149 255 12 0 1 0 76489927
45 0 249 255 205 255 153 255 11 0 1 0 76502387
86 0 183 255 120 255 156 255 10 0 1 0 76717560
71 0 169 255 166 255 159 255 9 0 0 0 76719567
51 0 109 255 192 255 162 255 8 0 0 0 76789149
85 0 118 255 178 255 165 255 8 0 0 0 76952898
91 0 208 255 247 255 168 255 7 0 255 255 76981662
40 0 179 255 44 0 170 255 7 0 255 255 77241614
74 0 115 255 252 255 171 255 7 0 255 255 77242393
148 0 132 255 182 255 173 255 7 0 254 255 77272441
129 0 186 255 197 255 174 255 6 0 254 255 77465828
92 0 218 255 65 0 176 255 7 0 254 255 77466439
73 0 240 255 152 0 177 255 8 0 253 255 77690999
80 0 39 0 246 255 179 255 8 0 253 255 77691599
40 0 12 0 181 255 181 255 9 0 253 255 77751710
70 0 2 0 148 255 184 255 8 0 253 255 77971648
242 255 210 255 124 255 186 255 8 0 253 255 77972298
201 255 1 0 181 255 189 255 8 0 253 255 78194739
22 0 29 0 199 255 193 255 7 0 252 255 78195684
80 0 77 0 51 0 197 255 6 0 252 255 78231055
87 0 102 0 39 0 201 255 6 0 252 255 78417607
109 0 111 0 14 0 206 255 6 0 251 255 78423540
194 0 86 0 21 0 211 255 7 0 251 255 78642288
232 0 114 0 30 0 217 255 7 0 251 255 78643237
132 0 61 0 112 0 223 255 7 0 251 255 78710259
81 0 0 0 55 0 230 255 8 0 252 255 78875144
58 0 248 255 235 255 236 255 8 0 253 255 78902760
46 0 27 0 233 255 243 255 8 0 252 255 79157121
79 0 54 0 252 255 250 255 7 0 251 255 79159221
79 0 238 255 229 255 0 0 7 0 251 255 79189596
86 0 180 255 231 255 5 0 7 0 251 255 79379497
130 0 122 255 200 255 12 0 7 0 251 255 79382003
146 0 101 255 203 255 18 0 7 0 251 255 79601386
119 0 27 255 65 0 24 0 6 0 252 255 79601959
133 0 227 254 27 0 30 0 6 0 253 255 79668812
167 0 194 254 215 255 36 0 6 0 254 255 79839386
215 0 137 254 148 255 42 0 6 0 255 255 79861294
76 1 142 254 128 255 49 0 6 0 255 255 80118871
178 1 62 255 185 255 62 0 3 0 254 255 80148117
145 1 40 255 233 255 68 0 3 0 254 255 80342297
97 1 54 255 246 255 74 0 3 0 255 255 80342940
130 1 110 255 202 255 78 0 3 0 255 255 80575266
193 1 131 255 200 255 82 0 3 0 255 255 80576249
190 1 52 255 244 255 86 0 3 0 0 0 80627295
200 1 23 255 222 255 91 0 3 0 0 0 80809035
183 1 78 255 191 255 94 0 2 0 0 0 80819857
154 1 109 255 203 255 98 0 3 0 0 0 81043383
149 1 101 255 223 255 102 0 3 0 255 255 81044070
122 1 114 255 246 255 106 0 4 0 255 255 81106678
139 1 117 255 214 255 110 0 3 0 255 255 81277238
114 1 198 255 199 255 114 0 3 0 254 255 81299108
63 1 199 255 182 255 118 0 3 0 254 255 81510628
63 1 203 255 230 255 121 0 4 0 254 255 81511089
77 1 206 255 243 255 125 0 4 0 254 255 81585870
40 1 214 255 236 255 128 0 5 0 254 255 81805528
32 1 32 0 241 255 132 0 5 0 253 255 81806357
86 1 69 0 187 255 134 0 5 0 253 255 82030142
167 1 37 0 230 255 138 0 4 0 253 255 82031167
158 1 22 0 52 0 141 0 4 0 254 255 82065094
154 1 32 0 51 0 144 0 4 0 254 255 82265240
168 1 75 0 251 255 147 0 4 0 254 255 82265997
207 1 126 0 243 255 150 0 5 0 254 255 82489419
9 2 78 0 247 255 152 0 5 0 254 255 82489897
25 2 249 255 214 255 155 0 5 0 255 255 82544359
90 2 244 255 56 0 157 0 4 0 255 255 82777459
25 2 17 0 25 0 160 0 4 0 255 255 82778040
107 1 221 255 120 0 163 0 4 0 255 255 82831088
11 1 171 255 32 0 167 0 7 0 0 0 82929404
32 1 198 255 200 255 170 0 8 0 0 0 83023734
35 1 240 255 143 255 174 0 8 0 0 0 83267402
253 0 246 255 172 255 177 0 8 0 0 0 83268335
184 0 162 255 214 255 181 0 8 0 0 0 83310376
196 0 132 255 179 255 185 0 9 0 0 0 83489697
26 1 198 255 224 255 189 0 9 0 0 0 83502888
122 1 235 255 62 0 191 0 8 0 0 0 83713992
134 1 233 255 43 0 194 0 8 0 0 0 83714799
104 1 178 255 182 255 196 0 8 0 0 0 83793717
133 1 180 255 172 255 198 0 8 0 0 0 83943435
152 1 244 255 180 255 199 0 9 0 0 0 83982203
108 1 24 0 40 0 201 0 9 0 255 255 84223268
18 1 10 0 73 0 202 0 10 0 255 255 84224224
187 0 8 0 176 255 204 0 10 0 254 255 84273020
165 0 83 0 219 255 206 0 11 0 254 255 84449150
103 0 89 0 222 255 207 0 11 0 254 255 84461440
84 0 125 0 213 255 207 0 12 0 254 255 84671802
151 0 134 0 254 255 208 0 12 0 254 255 84672357
199 0 116 0 14 0 208 0 12 0 254 255 84748151
242 0 52 0 10 0 209 0 11 0 254 255 84903532
30 1 59 0 40 0 210 0 11 0 255 255 84944736
42 1 30 0 33 0 211 0 11 0 255 255 85140865
114 1 7 0 238 255 213 0 11 0 255 255 85141401
117 1 242 255 218 255 215 0 11 0 255 255 85231576
172 1 233 255 12 0 217 0 11 0 255 255 85431453
196 1 189 255 132 255 219 0 9 0 0 0 85431851
103 1 200 255 203 255 221 0 9 0 0 0 85654200
108 1 136 255 214 255 223 0 9 0 0 0 85654665
48 1 177 255 174 255 226 0 9 0 1 0 85710753
17 1 221 255 238 255 229 0 9 0 0 0 85876278
9 1 186 255 172 255 231 0 9 0 1 0 85903298
165 0 240 255 234 255 234 0 9 0 0 0 86153129
121 0 216 255 16 0 237 0 10 0 0 0 86153624
193 0 167 255 214 255 240 0 10 0 1 0 86190163
33 1 195 255 204 255 242 0 9 0 1 0 86375315
79 1 211 255 191 255 244 0 8 0 1 0 86382586
148 1 245 255 174 255 246 0 9 0 0 0 86606587
192 1 1 0 162 255 249 0 8 0 0 0 86607319
76 1 205 255 9 0 251 0 7 0 0 0 86669263
178 0 155 255 47 0 253 0 9 0 0 0 86832361
163 0 215 255 208 255 0 1 11 0 0 0 86861835
191 0 68 0 247 255 4 1 10 0 0 0 87060081
177 0 87 0 160 255 7 1 10 0 255 255 87060480
169 0 160 0 186 255 10 1 10 0 254 255 87148585
209 0 216 0 43 0 13 1 9 0 253 255 87350938
218 0 229 0 46 0 16 1 10 0 253 255 87351861
13 1 206 0 227 255 19 1 9 0 253 255 87530296
51 1 159 0 254 255 23 1 10 0 253 255 87533596
115 1 168 0 212 255 27 1 9 0 253 255 87627828
108 1 172 0 252 255 31 1 9 0 253 255 87821142
64 1 70 0 146 0 35 1 10 0 254 255 87821829
13 1 35 0 78 0 40 1 10 0 255 255 88042816
236 0 50 0 5 0 44 1 11 0 255 255 88043396
16 1 87 0 241 255 49 1 11 0 255 255 88107107
60 1 49 0 201 255 53 1 10 0 0 0 88270026
54 1 246 255 215 255 57 1 10 0 0 0 88299609
88 1 185 255 142 255 202 254 9 0 0 0 88502334
123 1 146 255 146 255 206 254 9 0 0 0 88502923
157 1 142 255 163 255 210 254 8 0 0 0 88586405
210 1 150 255 223 255 213 254 7 0 0 0 88782155
202 1 138 255 242 255 215 254 7 0 1 0 88784472
206 1 125 255 213 255 217 254 8 0 1 0 89001661
224 1 117 255 172 255 218 254 7 0 1 0 89002450
201 1 186 255 140 255 218 254 7 0 0 0 89065624
218 1 224 255 236 255 218 254 8 0 0 0 89225675
233 1 141 255 117 0 217 254 8 0 0 0 89258165
146 1 150 255 119 0 216 254 9 0 0 0 89512588
129 1 212 255 211 255 215 254 9 0 0 0 89512962
25 1 36 0 179 255 213 254 9 0 0 0 89544910
239 0 71 0 175 255 211 254 10 0 0 0 89787361
142 0 106 0 230 255 208 254 9 0 0 0 89787799
85 0 140 0 255 255 205 254 11 0 0 0 89917112
196 0 164 0 1 0 202 254 11 0 0 0 89929910
43 1 123 0 202 255 199 254 10 0 0 0 90024177
85 1 120 0 218 255 56 1 9 0 0 0 90215146
135 1 153 0 10 0 54 1 8 0 0 0 90216624
110 1 146 0 18 0 51 1 8 0 0 0 90449049
17 1 166 0 41 0 48 1 9 0 0 0 90449502
239 0 126 0 70 0 46 1 10 0 0 0 90507535
237 0 70 0 215 255 42 1 9 0 0 0 90681746
123 0 39 0 170 255 41 1 9 0 0 0 90695951
56 0 28 0 220 255 38 1 10 0 0 0 90916721
31 0 228 255 83 0 34 1 10 0 1 0 90917254
231 255 223 255 250 255 30 1 11 0 2 0 90982720
236 255 89 0 16 0 26 1 11 0 1 0 91212462
231 255 103 0 13 0 22 1 13 0 1 0 91213356
25 0 120 0 3 0 17 1 13 0 1 0 91429395
65 0 131 0 20 0 12 1 13 0 0 0 91429916
56 0 102 0 29 0 5 1 13 0 0 0 91461964
252 255 110 0 95 0 254 0 13 0 0 0 91664019
237 255 143 0 38 0 247 0 14 0 0 0 91664592
244 255 51 0 226 255 241 0 15 0 0 0 91898864
68 0 52 0 160 255 236 0 13 0 0 0 91899545
77 0 108 0 169 255 231 0 14 0 0 0 91941238
108 0 128 0 213 255 226 0 13 0 0 0 92131342
117 0 174 0 237 255 221 0 12 0 0 0 92137847
110 0 162 0 245 255 217 0 12 0 1 0 92227983
99 0 137 0 250 255 213 0 12 0 1 0 92418029
99 0 106 0 252 255 209 0 13 0 1 0 92424588
133 0 85 0 10 0 205 0 12 0 2 0 92641055
114 0 113 0 10 0 201 0 12 0 1 0 92641694
87 0 138 0 241 255 197 0 12 0 1 0 92711316
115 0 139 0 233 255 193 0 12 0 2 0 92870451
103 0 169 0 239 255 188 0 12 0 2 0 92899730
112 0 133 0 28 0 182 0 12 0 2 0 93100623
170 0 75 0 30 0 178 0 12 0 3 0 93101267
211 0 6 0 233 255 173 0 13 0 4 0 93190550
32 1 245 255 206 255 169 0 12 0 4 0 93382994
47 1 41 0 231 255 165 0 12 0 4 0 93385104
248 0 38 0 46 0 163 0 12 0 4 0 93605395
184 0 128 0 155 0 160 0 12 0 3 0 93605974
156 0 158 0 60 0 156 0 13 0 3 0 93669812
167 0 145 0 42 0 154 0 13 0 4 0 93886363
236 0 221 0 204 255 152 0 13 0 3 0 93887064
242 0 29 1 163 255 150 0 13 0 2 0 94112955
169 0 3 1 220 255 148 0 12 0 2 0 94113786
98 0 17 1 240 255 146 0 13 0 2 0 94149056
228 255 242 0 63 0 144 0 13 0 1 0 94336614
59 0 247 0 252 255 142 0 13 0 2 0 94337606
189 0 240 0 187 255 140 0 13 0 2 0 94563414
127 1 212 0 165 255 138 0 12 0 2 0 94564018
168 1 171 0 153 255 136 0 10 0 3 0 94628347
80 1 173 0 199 255 133 0 10 0 2 0 94788167
243 0 189 0 59 0 130 0 11 0 1 0 94820889
195 0 151 0 241 255 127 0 11 0 1 0 95116537
174 0 220 0 213 255 125 0 10 0 1 0 95117156
125 0 8 1 25 0 123 0 9 0 0 0 95117629
21 0 43 1 89 0 121 0 9 0 0 0 95290206
210 255 10 1 35 0 120 0 9 0 0 0 95300135
185 255 66 1 0 0 118 0 10 0 0 0 95520368
204 255 135 1 205 255 116 0 10 0 0 0 95521175
212 255 208 1 237 255 114 0 9 0 255 255 95586906
226 255 186 1 58 0 113 0 9 0 255 255 95756057
239 255 88 1 90 0 111 0 9 0 255 255 95779423
40 0 22 1 20 0 110 0 10 0 0 0 96039521
212 0 41 1 23 0 110 0 9 0 0 0 96040171
9 1 50 1 17 0 109 0 9 0 0 0 96066162
255 0 242 0 37 0 108 0 9 0 0 0 96264046
155 0 10 1 51 0 106 0 11 0 0 0 96265089
123 0 45 1 24 0 104 0 11 0 255 255 96488773
73 0 79 1 192 255 102 0 10 0 255 255 96489429
39 0 109 1 208 255 99 0 11 0 255 255 96545347
250 255 82 1 252 255 95 0 11 0 255 255 96722823
227 255 66 1 64 0 92 0 11 0 255 255 96737948
93 0 37 1 252 255 84 0 10 0 0 0 97015693
140 0 249 0 216 255 80 0 9 0 0 0 97024644
147 0 205 0 240 255 77 0 9 0 0 0 97238451
102 0 248 0 10 0 74 0 9 0 0 0 97239199
92 0 14 1 85 0 72 0 10 0 0 0 97315600
24 0 90 1 217 255 66 0 10 0 255 255 97503959
17 0 94 1 211 255 64 0 11 0 254 255 97706775
64 0 57 1 231 255 62 0 11 0 254 255 97707752
67 0 80 1 2 0 60 0 10 0 254 255 97790694
89 0 118 1 8 0 58 0 10 0 254 255 97993602
63 0 162 1 227 255 56 0 9 0 253 255 97994134
43 0 202 1 234 255 55 0 10 0 253 255 98216322
73 0 232 1 229 255 54 0 10 0 253 255 98216807
96 0 183 1 55 0 53 0 10 0 253 255 98269976
161 0 123 1 15 0 53 0 10 0 254 255 98440953
221 0 186 1 0 0 54 0 10 0 253 255 98462493
43 1 222 1 233 255 56 0 10 0 253 255 98676668
116 1 217 1 209 255 57 0 9 0 253 255 98677299
158 1 210 1 200 255 59 0 8 0 253 255 98753302
166 1 154 1 21 0 60 0 8 0 253 255 98907563
164 1 94 1 47 0 62 0 8 0 253 255 98945831
221 1 80 1 72 0 65 0 9 0 253 255 99190705
194 1 74 1 44 0 66 0 8 0 253 255 99191550
64 1 21 1 34 0 69 0 9 0 253 255 99232572
215 0 21 1 11 0 71 0 10 0 253 255 99414059
112 0 246 0 208 255 73 0 10 0 253 255 99425057
26 0 245 0 237 255 76 0 11 0 253 255 99649165
20 0 163 0 246 255 77 0 11 0 254 255 99649632
10 0 83 0 249 255 80 0 10 0 254 255 99707730
19 0 89 0 218 255 82 0 9 0 254 255 99884739
33 0 75 0 244 255 84 0 9 0 254 255 99904329
110 0 25 0 219 255 86 0 8 0 254 255 100116005
146 0 62 0 217 255 88 0 8 0 254 255 100116678
140 0 178 0 20 0 90 0 8 0 253 255 100191054
186 0 194 0 187 0 92 0 9 0 253 255 100399078
76 0 235 0 74 0 94 0 8 0 253 255 100399712
137 255 33 1 220 255 95 0 9 0 252 255 100626962
123 255 71 1 188 255 97 0 10 0 251 255 100627412
123 255 80 1 209 255 99 0 9 0 251 255 100666271
148 255 47 1 238 255 102 0 9 0 250 255 100856221
215 255 6 1 6 0 105 0 9 0 250 255 100862888
208 255 202 0 20 0 108 0 8 0 251 255 101088265
251 255 191 0 30 0 112 0 9 0 251 255 101088913
35 0 178 0 61 0 116 0 9 0 251 255 101149602
91 0 195 0 38 0 121 0 10 0 252 255 101385440
123 0 214 0 235 255 126 0 9 0 252 255 101386403
100 0 38 1 236 0 133 0 9 0 250 255 101603218
179 0 49 1 74 0 139 0 8 0 250 255 101604111
18 0 246 0 26 0 146 0 9 0 250 255 101628867
224 255 147 0 234 255 151 0 10 0 251 255 101839493
174 255 20 0 5 0 157 0 10 0 252 255 101841079
128 255 171 255 12 0 164 0 10 0 252 255 101915613
38 255 74 255 39 0 170 0 11 0 254 255 102013913
32 255 5 255 249 255 176 0 11 0 255 255 102108136
125 255 227 254 226 255 181 0 11 0 255 255 102335586
7 0 237 254 229 255 186 0 10 0 0 0 102336580
56 0 200 254 210 255 189 0 10 0 0 0 102394909
104 0 185 254 170 255 193 0 10 0 0 0 102557025
178 0 207 254 137 255 196 0 10 0 0 0 102587413
230 0 254 254 129 255 199 0 9 0 1 0 102792433
211 0 40 255 36 0 201 0 10 0 1 0 102793182
157 0 120 255 5 0 206 0 9 0 1 0 103025193
69 0 65 255 233 255 208 0 10 0 2 0 103066666
72 0 94 255 235 255 212 0 10 0 2 0 103309352
138 0 252 255 220 255 219 0 9 0 1 0 103353433
242 0 67 0 242 255 223 0 6 0 0 0 103532665
139 0 61 0 28 0 227 0 7 0 0 0 103545903
215 0 55 0 37 0 231 0 6 0 0 0 103771578
231 0 244 255 12 0 236 0 6 0 0 0 103772252
200 0 216 255 62 0 241 0 7 0 0 0 103836728
170 0 212 255 52 0 246 0 7 0 1 0 104000070
80 0 204 255 71 0 252 0 7 0 1 0 104025168
40 0 216 255 61 0 0 1 8 0 1 0 104284380
119 0 166 255 229 255 4 1 8 0 1 0 104285868
24 1 150 255 0 0 11 1 7 0 2 0 104508259
97 1 164 255 37 0 14 1 6 0 2 0 104508809
103 1 150 255 27 0 15 1 5 0 3 0 104744690
140 1 98 255 232 255 16 1 5 0 3 0 104746326
171 1 75 255 201 255 15 1 5 0 4 0 104791110
7 2 36 255 221 255 15 1 4 0 4 0 104978673
75 2 43 255 166 255 14 1 2 0 4 0 104983732
30 2 14 255 161 255 12 1 3 0 3 0 105256316
70 2 209 254 130 255 11 1 2 0 3 0 105257230
62 2 150 254 151 255 8 1 2 0 4 0 105274607
225 1 221 254 243 255 5 1 2 0 3 0 105478191
134 1 92 255 106 0 1 1 3 0 2 0 105478756
23 1 170 255 101 0 253 0 5 0 2 0 105561248
160 0 186 255 184 255 249 0 5 0 1 0 105761031
58 0 26 0 141 255 246 0 7 0 1 0 105761777
246 255 70 0 31 0 244 0 7 0 0 0 105987214
6 0 89 0 36 0 242 0 8 0 1 0 105987796
100 0 78 0 240 255 240 0 7 0 1 0 106040579
218 0 78 0 215 255 239 0 7 0 1 0 106215481
62 1 36 0 234 255 238 0 5 0 1 0 106233087
74 1 2 0 25 0 238 0 5 0 1 0 106441073
73 1 20 0 86 0 237 0 4 0 1 0 106441599
242 0 8 0 147 0 236 0 5 0 1 0 106515701
204 0 21 0 227 255 235 0 5 0 1 0 106720707
85 0 42 0 225 255 234 0 6 0 1 0 106721205
4 0 13 0 187 255 232 0 6 0 2 0 106945600
161 255 0 0 188 255 230 0 7 0 2 0 106946287
125 255 229 255 29 0 228 0 8 0 2 0 106999045
131 255 211 255 240 255 226 0 8 0 3 0 107181367
150 255 19 255 7 0 221 0 7 0 3 0 107417715
194 255 182 254 20 0 219 0 9 0 4 0 107418424
27 0 238 254 52 0 216 0 8 0 4 0 107478308
254 255 16 255 250 255 213 0 8 0 4 0 107708412
11 0 29 255 50 0 210 0 9 0 4 0 107708993
68 0 105 255 75 0 206 0 9 0 3 0 107932765
19 0 170 255 21 0 202 0 9 0 2 0 107933494
244 255 211 255 33 0 197 0 9 0 2 0 107957623
35 0 7 0 229 255 192 0 9 0 1 0 108171272
32 0 156 0 185 255 188 0 8 0 0 0 108171648
241 255 241 0 232 255 184 0 8 0 0 0 108244334
207 255 42 1 6 0 180 0 9 0 0 0 108401739
246 255 107 1 43 0 175 0 9 0 0 0 108437000
51 0 119 1 245 255 171 0 8 0 0 0 108634444
112 0 108 1 215 255 168 0 8 0 0 0 108634949
148 0 1 1 237 255 164 0 8 0 0 0 108723614
167 0 178 0 181 255 160 0 8 0 0 0 108930436
166 0 235 0 192 255 159 0 8 0 0 0 109155568
132 0 14 1 242 255 157 0 9 0 0 0 109156326
68 0 238 0 81 0 155 0 9 0 0 0 109202820
203 255 2 1 147 0 153 0 10 0 0 0 109374415
139 255 140 0 51 0 150 0 10 0 0 0 109395385
113 255 84 0 244 255 148 0 11 0 0 0 109607512
157 255 66 0 199 255 147 0 11 0 0 0 109608524
152 255 118 0 237 255 146 0 9 0 0 0 109682122
122 255 115 0 48 0 144 0 8 0 0 0 109839205
118 255 115 0 90 0 144 0 9 0 1 0 109874724
187 255 95 0 75 0 143 0 9 0 1 0 110129584
9 0 66 0 249 255 141 0 9 0 2 0 110130156
94 0 35 0 192 255 139 0 9 0 2 0 110165456
169 0 0 0 198 255 138 0 8 0 3 0 110355415
198 0 19 0 6 0 136 0 8 0 3 0 110356110
203 0 86 0 24 0 135 0 8 0 2 0 110587838
196 0 81 0 103 0 133 0 9 0 1 0 110588461
159 0 106 0 2 0 132 0 8 0 1 0 110644766
19 0 164 0 14 0 130 0 9 0 1 0 110822092
15 0 225 0 38 0 129 0 9 0 0 0 110833167
15 0 228 0 243 255 129 0 9 0 0 0 111054869
217 255 185 0 194 255 129 0 9 0 0 0 111119924
126 255 35 1 34 0 130 0 9 0 255 255 111335344
65 255 113 1 57 0 131 0 10 0 254 255 111335842
144 255 170 1 243 255 132 0 10 0 254 255 111568967
23 0 126 1 224 255 132 0 8 0 254 255 111569575
15 0 104 1 106 0 133 0 8 0 255 255 111603223
74 0 100 1 99 0 135 0 7 0 254 255 111805456
112 0 80 1 18 0 137 0 7 0 254 255 111806224
234 0 25 1 203 255 139 0 7 0 254 255 111890044
66 1 39 1 184 255 142 0 6 0 254 255 111984253
102 1 42 1 220 255 145 0 6 0 254 255 112078477
98 1 68 1 112 0 148 0 6 0 254 255 112311857
32 1 54 1 225 255 150 0 4 0 254 255 112314001
132 0 248 0 13 0 152 0 5 0 254 255 112369248
251 255 224 0 135 255 154 0 5 0 254 255 112530481
24 255 155 0 247 255 155 0 7 0 254 255 112557754
28 255 250 255 215 255 156 0 8 0 255 255 112762730
127 255 178 255 168 255 156 0 8 0 255 255 112763169
184 255 203 255 225 255 158 0 7 0 255 255 112848587
3 0 215 255 0 0 160 0 6 0 255 255 112997847
51 0 246 255 16 0 162 0 5 0 254 255 113041104
28 0 18 0 195 255 163 0 6 0 253 255 113291534
76 0 61 0 12 0 164 0 6 0 253 255 113292382
80 0 37 0 112 0 166 0 7 0 253 255 113327770
57 0 103 0 112 0 168 0 8 0 253 255 113512632
221 255 169 0 13 0 170 0 7 0 252 255 113520358
68 255 148 0 114 0 171 0 7 0 251 255 113745910
97 255 64 0 241 255 173 0 8 0 252 255 113746434
232 255 85 0 159 255 176 0 8 0 252 255 113807135
65 0 123 0 185 255 179 0 7 0 252 255 114024440
156 0 156 0 91 0 183 0 5 0 251 255 114025022
88 0 183 0 122 0 187 0 5 0 251 255 114250696
0 0 195 0 24 0 191 0 7 0 252 255 114251606
213 255 116 0 41 0 196 0 10 0 252 255 114286356
0 0 35 0 184 255 200 0 10 0 253 255 114472529
233 255 139 255 65 0 205 0 10 0 254 255 114478874
191 255 83 255 0 0 210 0 9 0 0 0 114707066
145 255 17 255 157 255 215 0 9 0 0 0 114707802
150 255 217 254 145 255 219 0 8 0 1 0 114765621
243 255 140 254 181 255 223 0 8 0 1 0 114990486
57 0 119 254 230 255 228 0 7 0 1 0 114991292
107 0 114 254 237 255 232 0 6 0 1 0 115217145
243 0 100 254 156 255 236 0 6 0 1 0 115219427
63 1 103 254 122 255 240 0 5 0 1 0 115244859
43 1 171 254 235 255 243 0 4 0 1 0 115448679
80 1 220 254 86 0 246 0 4 0 1 0 115449114
48 1 11 255 211 0 249 0 5 0 1 0 115535662
244 0 250 254 69 0 252 0 5 0 1 0 115685533
151 0 125 255 171 255 255 0 6 0 1 0 115724102
65 0 44 0 194 255 2 1 6 0 0 0 115922994
14 0 184 255 237 255 4 1 7 0 0 0 115923650
20 0 33 255 35 0 6 1 7 0 0 0 116010840
122 0 127 255 5 0 9 1 7 0 0 0 116167278
204 0 140 255 211 255 11 1 6 0 0 0 116203409
26 1 100 255 228 255 14 1 5 0 0 0 116454730
105 1 81 255 248 255 16 1 4 0 1 0 116455654
35 1 45 255 59 0 19 1 5 0 1 0 116490111
163 0 79 255 204 0 22 1 6 0 2 0 116677603
71 0 61 255 75 0 25 1 8 0 2 0 116682620
70 0 85 255 227 255 27 1 9 0 2 0 116903245
117 0 64 255 111 255 28 1 8 0 2 0 116904092
107 0 43 255 164 255 30 1 7 0 2 0 116969455
147 0 28 255 222 255 31 1 7 0 3 0 117137852
8 1 27 255 118 255 31 1 6 0 3 0 117161892
40 1 13 255 193 255 32 1 3 0 4 0 117427981
251 0 29 255 240 255 32 1 3 0 3 0 117452767
14 1 45 255 244 255 31 1 3 0 2 0 117652630
86 1 11 255 255 255 28 1 4 0 3 0 117653298
82 1 87 255 72 0 26 1 4 0 3 0 117739509
150 0 199 255 43 0 22 1 5 0 3 0 117833708
210 255 26 0 217 255 20 1 7 0 2 0 117931967
191 255 122 0 242 255 17 1 7 0 1 0 118153314
18 0 160 0 4 0 14 1 7 0 0 0 118153866
59 0 133 0 222 255 12 1 6 0 0 0 118214719
127 0 75 0 246 255 10 1 5 0 0 0 118388065
208 0 69 0 227 255 9 1 4 0 1 0 118407175
182 0 60 0 234 255 7 1 4 0 1 0 118624184
113 0 18 0 53 0 5 1 5 0 1 0 118624835
83 0 61 0 94 0 3 1 6 0 1 0 118697962
43 0 127 0 51 0 0 1 6 0 0 0 118851665
210 255 114 0 56 0 252 0 8 0 0 0 118890576
194 255 31 0 235 255 248 0 9 0 1 0 119146884
90 255 11 0 221 255 245 0 10 0 1 0 119147321
37 255 246 255 235 255 241 0 10 0 1 0 119177234
86 255 19 0 230 255 237 0 10 0 1 0 119372953
144 255 35 0 10 0 232 0 9 0 1 0 119373784
170 255 0 0 11 0 227 0 9 0 2 0 119606552
228 255 185 255 240 255 222 0 9 0 2 0 119606930
16 0 144 255 9 0 217 0 9 0 2 0 119656560
72 0 242 255 241 255 211 0 9 0 1 0 119842192
32 0 115 0 172 0 206 0 10 0 0 0 119844975
204 255 153 0 36 0 200 0 9 0 0 0 119943254
135 255 149 0 245 255 194 0 10 0 0 0 120084587
148 255 236 0 211 255 188 0 10 0 0 0 120135819
103 255 105 1 236 255 182 0 10 0 0 0 120378398
117 255 172 1 44 0 176 0 10 0 255 255 120378898
50 255 157 1 15 0 170 0 10 0 255 255 120422582
120 255 148 1 247 255 165 0 10 0 255 255 120603473
208 255 142 1 199 255 159 0 10 0 255 255 120615096
5 0 180 1 212 255 154 0 10 0 255 255 120836239
22 0 237 1 12 0 149 0 10 0 254 255 120836892
219 255 189 1 85 0 145 0 11 0 254 255 120901791
184 255 167 1 171 0 141 0 12 0 254 255 121074372
214 255 126 1 233 255 138 0 12 0 255 255 121094309
214 255 100 1 237 255 134 0 12 0 255 255 121351852
206 255 110 1 210 255 130 0 10 0 255 255 121352449
106 255 132 1 196 255 125 0 11 0 255 255 121385147
0 0 118 1 187 255 121 0 10 0 255 255 121577465
117 0 124 1 209 255 117 0 9 0 254 255 121578389
115 0 96 1 246 255 112 0 8 0 254 255 121811651
111 0 79 1 15 0 108 0 8 0 254 255 121812246
89 0 44 1 251 255 104 0 9 0 254 255 121864388
92 0 84 1 13 0 99 0 9 0 254 255 122045798
88 0 86 1 76 0 94 0 9 0 254 255 122052853
89 0 137 1 50 0 90 0 9 0 254 255 122277124
36 0 182 1 55 0 86 0 9 0 253 255 122277672
183 255 207 1 44 0 82 0 9 0 252 255 122339620
101 255 191 1 32 0 77 0 10 0 252 255 122566476
128 255 23 2 184 255 73 0 10 0 251 255 122567003
238 255 129 2 196 255 70 0 10 0 251 255 122786195
79 0 99 2 212 255 66 0 8 0 251 255 122786691
125 0 102 2 51 0 63 0 8 0 252 255 122822922
192 0 69 2 29 0 60 0 8 0 252 255 123021054
132 0 45 2 223 255 58 0 8 0 252 255 123021500
141 0 27 2 17 0 55 0 9 0 252 255 123109630
177 0 33 2 20 0 53 0 8 0 252 255 123203868
61 0 236 1 54 0 50 0 9 0 252 255 123302176
3 0 249 1 205 255 47 0 9 0 252 255 123521646
183 255 18 2 174 255 45 0 9 0 251 255 123522226
165 255 43 2 31 0 42 0 9 0 251 255 123588948
210 255 30 2 38 0 39 0 9 0 251 255 123745637
20 255 18 2 55 0 36 0 8 0 251 255 123777404
80 0 26 2 245 255 33 0 9 0 251 255 123983424
215 0 218 1 180 255 29 0 8 0 252 255 123983953
216 0 151 1 193 255 25 0 8 0 252 255 124068178
218 0 146 1 233 255 21 0 7 0 252 255 124264017
34 1 167 1 158 0 17 0 7 0 252 255 124264622
194 0 18 2 127 0 14 0 6 0 251 255 124486095
135 0 245 1 14 0 11 0 7 0 251 255 124486600
119 0 36 2 171 255 8 0 7 0 251 255 124547532
195 0 86 2 184 255 5 0 7 0 250 255 124718388
9 1 80 2 13 0 1 0 6 0 251 255 124740003
228 0 69 2 190 255 255 255 5 0 251 255 125001382
206 0 109 2 251 255 253 255 6 0 251 255 125002092
3 1 43 2 241 255 252 255 7 0 251 255 125026751
255 0 171 1 161 255 253 255 7 0 252 255 125225829
195 0 70 1 240 255 254 255 6 0 253 255 125226519
121 0 51 1 252 255 255 255 6 0 254 255 125450469
96 0 228 0 123 0 0 0 7 0 254 255 125451199
144 0 222 0 208 255 0 0 7 0 255 255 125505963
5 1 223 0 234 255 1 0 7 0 254 255 125683685
5 1 222 0 85 0 2 0 7 0 254 255 125698593
182 0 155 0 159 0 2 0 8 0 255 255 125918545
141 0 176 0 226 255 3 0 9 0 255 255 125919847
229 0 245 0 236 255 4 0 10 0 254 255 126189086
187 0 5 1 235 255 6 0 10 0 254 255 126189566
33 0 53 1 245 255 8 0 10 0 254 255 126416469
234 255 210 1 225 255 9 0 10 0 253 255 126417658
38 0 225 1 203 255 10 0 8 0 253 255 126464598
40 0 86 1 175 255 10 0 8 0 253 255 126648839
111 0 73 1 162 255 11 0 8 0 254 255 126657020
147 0 90 1 166 255 11 0 7 0 254 255 126884005
31 0 113 1 42 0 12 0 7 0 254 255 126884846
218 255 200 0 112 0 14 0 9 0 254 255 126943807
204 255 138 0 53 0 15 0 8 0 254 255 127123026
196 255 81 0 47 0 16 0 9 0 255 255 127136344
47 0 13 0 219 255 18 0 9 0 0 0 127403530
97 0 24 0 234 255 20 0 8 0 0 0 127404518
218 0 200 255 233 255 21 0 8 0 0 0 127423102
9 1 209 255 173 255 21 0 7 0 0 0 127625384
23 1 80 0 43 0 20 0 7 0 255 255 127625876
25 1 125 0 234 255 18 0 7 0 255 255 127709784
189 0 242 0 194 255 17 0 7 0 253 255 127857829
41 0 76 1 241 255 15 0 8 0 252 255 127902321
252 255 65 1 124 255 12 0 9 0 251 255 128140587
220 255 99 1 98 255 9 0 8 0 251 255 128141180
127 255 153 1 52 255 6 0 10 0 251 255 128193099
199 255 122 1 230 254 4 0 12 0 252 255 128364670
108 255 94 1 118 254 3 0 11 0 253 255 128381629
80 0 100 1 159 254 3 0 10 0 254 255 128599662
107 0 227 1 126 254 3 0 9 0 254 255 128600602
150 0 32 2 150 254 3 0 7 0 254 255 128668296
226 0 121 2 255 254 5 0 5 0 253 255 128877784
20 1 75 2 80 255 6 0 2 0 252 255 128878531
153 0 196 1 123 0 7 0 0 0 252 255 129101643
105 254 131 0 60 0 3 0 5 0 253 255 129147604
120 253 124 0 194 0 2 0 9 0 253 255 129326803
50 253 117 0 57 255 1 0 13 0 253 255 129340205
211 255 219 0 115 255 0 0 6 0 252 255 129561115
206 0 34 1 27 255 252 255 6 0 252 255 129561594
100 2 151 1 214 254 248 255 3 0 251 255 129630845
61 2 154 0 217 254 245 255 4 0 254 255 129834839
10 2 205 0 216 254 245 255 7 0 255 255 129835330
46 2 203 0 69 255 246 255 7 0 255 255 130061352
223 2 255 0 213 255 248 255 2 0 254 255 130061824
212 2 77 1 116 0 248 255 255 255 254 255 130110193
45 2 196 0 160 0 247 255 254 255 255 255 130299818
130 2 214 0 45 0 248 255 250 255 255 255 130300404
61 2 55 1 78 2 249 255 246 255 254 255 130529484
88 2 208 1 88 2 250 255 247 255 252 255 130530058
243 2 101 1 44 2 251 255 246 255 252 255 130589443
218 2 255 0 99 1 250 255 243 255 253 255 130818743
141 2 12 1 76 1 250 255 241 255 252 255 130819260
140 2 41 0 137 1 250 255 241 255 255 255 130876263
49 2 188 0 43 1 249 255 240 255 255 255 131043274
219 2 163 0 95 0 250 255 237 255 255 255 131068729
233 2 88 0 94 2 250 255 233 255 0 0 131278567
190 1 207 0 87 1 251 255 236 255 0 0 131279299
208 0 153 1 34 1 252 255 240 255 255 255 131355550
115 0 138 1 158 0 251 255 242 255 255 255 131562692
79 0 60 1 146 0 251 255 245 255 254 255 131563375
124 0 12 1 132 0 251 255 246 255 254 255 131785876
181 255 53 1 39 4 250 255 252 255 252 255 131786319
249 0 201 255 135 0 250 255 252 255 253 255 131834680
76 0 2 1 27 0 251 255 252 255 255 255 132012406
44 1 161 0 46 255 251 255 252 255 255 255 132027280
42 1 185 0 97 255 251 255 252 255 255 255 132249716
38 1 177 0 181 255 251 255 252 255 255 255 132250164
22 1 177 0 204 255 251 255 252 255 255 255 132314047
9 1 174 0 225 255 251 255 252 255 255 255 132534283
4 1 183 0 222 255 251 255 252 255 255 255 132534831
5 1 189 0 219 255 251 255 252 255 255 255 132757099
253 0 185 0 228 255 251 255 252 255 255 255 132757774
15 1 202 0 246 255 251 255 253 255 255 255 132793250
36 1 46 1 48 0 255 255 253 255 0 0 132994180
202 0 251 0 48 0 1 0 252 255 0 0 132994613
27 1 148 0 78 0 1 0 251 255 0 0 133080007
10 2 14 1 98 0 2 0 247 255 1 0 133225665
165 2 240 0 161 0 0 0 244 255 3 0 133272611
71 2 69 1 40 1 255 255 243 255 7 0 133518356
214 0 153 1 251 0 251 255 247 255 8 0 133518943
111 255 167 2 176 0 247 255 252 255 7 0 133559227
235 254 127 2 253 255 242 255 0 0 8 0 133743242
138 254 61 0 62 255 237 255 3 0 12 0 133751757
250 254 161 254 215 254 233 255 5 0 13 0 133977656
232 255 24 253 69 254 231 255 4 0 14 0 133978142
175 0 46 253 46 254 232 255 2 0 13 0 134042590
230 0 78 253 126 255 235 255 0 0 12 0 134267871
182 0 176 252 33 1 236 255 255 255 13 0 134268286
120 0 136 253 78 0 238 255 254 255 11 0 134325290
82 1 187 252 33 1 240 255 250 255 13 0 134498430
205 1 33 252 97 0 243 255 248 255 14 0 134517767
251 1 133 255 209 0 243 255 244 255 13 0 134733604
33 2 31 0 211 255 242 255 243 255 12 0 134734235
107 2 81 1 221 255 241 255 242 255 5 0 134808611
33 1 8 2 46 0 242 255 245 255 0 0 134974809
89 0 117 2 217 255 242 255 248 255 254 255 135001110
86 0 190 1 119 0 242 255 250 255 251 255 135430882
125 0 129 1 61 0 242 255 250 255 251 255 135431649
149 0 81 1 44 0 242 255 250 255 251 255 135590061
165 0 48 1 30 0 242 255 250 255 251 255 135590782
180 0 25 1 3 0 242 255 250 255 251 255 135753621
181 0 7 1 0 0 242 255 250 255 251 255 135754254
171 0 251 0 13 0 242 255 250 255 251 255 135976892
177 0 245 0 7 0 242 255 250 255 251 255 135977380
175 0 246 0 252 255 242 255 251 255 251 255 136053892
163 0 234 0 0 0 242 255 251 255 251 255 136837510
150 0 224 0 237 255 242 255 250 255 251 255 136837968
163 0 224 0 247 255 242 255 251 255 251 255 136894992
171 0 223 0 230 255 242 255 251 255 251 255 136895879
175 0 216 0 238 255 242 255 251 255 251 255 137017874
167 0 216 0 239 255 242 255 251 255 251 255 137018561
155 0 212 0 252 255 242 255 251 255 252 255 137118667
152 0 213 0 251 255 242 255 251 255 252 255 137204938
146 0 208 0 254 255 242 255 251 255 252 255 137365425
155 0 206 0 229 255 242 255 251 255 252 255 137397446
155 0 203 0 223 255 242 255 251 255 252 255 137491739
155 0 199 0 224 255 242 255 251 255 252 255 137592649
150 0 201 0 238 255 242 255 251 255 252 255 137684150
145 0 203 0 235 255 242 255 251 255 252 255 137847161
142 0 195 0 219 255 242 255 251 255 252 255 137876750
141 0 189 0 219 255 242 255 251 255 252 255 137970891
134 0 180 0 252 255 242 255 251 255 252 255 138163484
130 0 181 0 250 255 242 255 251 255 252 255 138257681
132 0 178 0 232 255 242 255 251 255 252 255 138374751
142 0 179 0 231 255 242 255 251 255 252 255 138450158
135 0 179 0 229 255 242 255 251 255 252 255 138602902
115 0 183 0 225 255 242 255 251 255 252 255 138642765
119 0 179 0 232 255 242 255 251 255 252 255 138740997
142 0 177 0 237 255 242 255 251 255 252 255 138840576
117 0 183 0 225 255 242 255 251 255 252 255 138929544
118 0 177 0 239 255 242 255 251 255 252 255 139090913
117 0 172 0 235 255 242 255 251 255 252 255 139121998
114 0 170 0 237 255 242 255 251 255 252 255 139216211
120 0 164 0 229 255 242 255 251 255 252 255 139314538
126 0 166 0 224 255 242 255 251 255 252 255 139408704
127 0 164 0 220 255 242 255 251 255 252 255 139588062
113 0 159 0 215 255 242 255 251 255 252 255 139601247
105 0 159 0 232 255 242 255 251 255 252 255 139699554
105 0 155 0 236 255 242 255 251 255 252 255 139793715
102 0 156 0 214 255 242 255 251 255 252 255 139887968
101 0 157 0 204 255 242 255 252 255 252 255 140007854
99 0 154 0 235 255 242 255 252 255 252 255 140080461
90 0 155 0 242 255 242 255 252 255 252 255 140174674
85 0 155 0 244 255 242 255 252 255 252 255 140273016
95 0 152 0 233 255 242 255 252 255 252 255 140367222
90 0 150 0 243 255 242 255 252 255 252 255 140498673
95 0 147 0 4 0 242 255 252 255 252 255 140559715
93 0 140 0 248 255 242 255 252 255 252 255 140653975
