145 253 153 0 6 247 0 0 19 0 253 255 1038565
136 253 149 0 196 250 0 0 19 0 253 255 1132139
181 253 123 0 184 252 0 0 19 0 254 255 1230471
198 253 121 0 30 254 0 0 18 0 254 255 1324730
193 253 160 0 224 254 0 0 18 0 254 255 1419005
243 253 182 0 93 255 0 0 18 0 254 255 1517223
10 254 209 0 196 255 0 0 18 0 254 255 1611460
15 254 183 0 2 0 1 0 18 0 254 255 1714966
28 254 203 0 64 0 1 0 18 0 254 255 1804002
29 254 215 0 64 0 1 0 18 0 253 255 1898220
10 254 213 0 56 0 1 0 17 0 253 255 1996506
12 254 216 0 81 0 1 0 17 0 253 255 2094777
36 254 214 0 51 0 1 0 17 0 253 255 2185116
40 254 215 0 59 0 1 0 17 0 253 255 2283223
55 254 189 0 90 0 0 0 17 0 254 255 2377514
55 254 180 0 89 0 0 0 16 0 254 255 2475707
39 254 182 0 66 0 0 0 16 0 254 255 2570037
46 254 169 0 69 0 0 0 16 0 254 255 2668259
84 254 157 0 89 0 0 0 15 0 254 255 2762554
76 254 157 0 66 0 0 0 15 0 254 255 2856751
91 254 158 0 47 0 0 0 15 0 254 255 2955054
116 254 177 0 28 0 0 0 15 0 254 255 3049266
148 254 163 0 73 0 0 0 14 0 254 255 3147485
141 254 186 0 78 0 0 0 14 0 254 255 3241778
149 254 182 0 77 0 0 0 14 0 254 255 3336089
133 254 180 0 66 0 0 0 14 0 254 255 3517192
94 254 182 0 98 0 0 0 14 0 254 255 3528526
96 254 186 0 51 0 0 0 15 0 254 255 3622690
116 254 161 0 79 0 1 0 14 0 254 255 3725183
116 254 163 0 73 0 1 0 14 0 254 255 3819337
137 254 160 0 67 0 1 0 14 0 254 255 3913603
122 254 167 0 60 0 1 0 14 0 254 255 4011829
120 254 171 0 53 0 1 0 14 0 254 255 4124401
138 254 174 0 58 0 1 0 14 0 254 255 4200260
168 254 175 0 31 0 1 0 14 0 254 255 4298657
186 254 160 0 63 0 1 0 14 0 254 255 4392886
208 254 152 0 66 0 1 0 10 0 254 255 4487127
226 254 165 0 82 0 1 0 10 0 254 255 4586663
2 255 198 0 37 0 1 0 10 0 254 255 4679579
225 254 208 0 45 0 1 0 10 0 253 255 4831966
227 254 194 0 26 0 0 0 10 0 253 255 4872060
229 254 192 0 246 255 0 0 10 0 253 255 4970393
237 254 174 0 9 0 255 255 10 0 253 255 5064630
251 254 170 0 45 0 253 255 12 0 253 255 5158838
255 254 204 0 17 0 252 255 12 0 253 255 5289394
16 255 230 0 20 0 250 255 12 0 253 255 5351340
33 255 244 0 7 0 248 255 12 0 252 255 5449575
44 255 247 0 45 0 245 255 12 0 252 255 5543799
41 255 25 1 45 0 243 255 12 0 252 255 5638163
14 255 41 1 64 0 240 255 12 0 251 255 5780566
11 255 81 1 15 0 238 255 12 0 251 255 5830653
240 254 120 1 237 255 235 255 12 0 250 255 5928949
224 254 181 1 25 0 231 255 12 0 250 255 6023171
164 254 183 1 104 0 224 255 12 0 250 255 6215618
46 255 169 1 86 0 220 255 12 0 250 255 6309907
126 255 163 1 117 0 217 255 12 0 250 255 6408214
138 255 204 1 136 0 214 255 10 0 250 255 6502383
99 255 247 1 139 0 210 255 14 0 250 255 6600693
255 254 226 1 127 0 207 255 14 0 250 255 6694936
181 254 190 1 116 0 205 255 15 0 251 255 6789203
170 254 203 1 47 0 202 255 15 0 251 255 6887499
167 254 207 1 10 0 199 255 15 0 251 255 6981671
196 254 184 1 8 0 197 255 14 0 250 255 7079886
239 254 184 1 234 255 194 255 10 0 250 255 7174205
18 255 184 1 251 255 192 255 12 0 250 255 7268513
72 255 178 1 41 0 189 255 12 0 251 255 7366628
136 255 156 1 87 0 185 255 12 0 251 255 7465322
154 255 172 1 24 0 181 255 12 0 251 255 7555130
179 255 173 1 66 0 175 255 12 0 252 255 7653502
103 255 229 1 101 0 169 255 10 0 251 255 7747818
222 254 186 1 55 0 162 255 14 0 251 255 7845941
9 255 43 2 2 0 156 255 14 0 250 255 7940135
61 255 121 2 19 0 150 255 14 0 249 255 8038429
72 255 179 2 244 255 144 255 14 0 249 255 8132683
86 255 193 2 19 255 139 255 10 0 248 255 8227035
60 255 6 3 19 0 133 255 14 0 248 255 8325200
115 255 251 2 248 255 128 255 14 0 248 255 8423623
186 255 250 2 18 0 123 255 10 0 249 255 8517800
3 0 2 3 46 0 118 255 10 0 249 255 8653207
94 0 253 3 25 0 113 255 10 0 249 255 8706241
156 0 227 2 69 0 108 255 12 0 249 255 8804493
199 0 225 2 8 0 103 255 12 0 248 255 8902829
195 0 228 2 1 0 99 255 11 0 248 255 8997082
165 0 196 2 14 0 96 255 11 0 248 255 9126158
197 0 187 2 12 0 93 255 11 0 248 255 9185566
181 0 114 2 55 0 91 255 11 0 248 255 9283824
120 0 27 2 69 0 89 255 11 0 248 255 9377961
160 0 42 2 238 255 88 255 11 0 249 255 9476238
176 0 93 2 251 255 87 255 10 0 248 255 9591181
206 0 169 2 245 255 86 255 10 0 248 255 9668853
236 0 233 2 9 0 85 255 9 0 247 255 9763109
247 0 2 3 32 0 84 255 9 0 247 255 9861303
173 0 204 2 91 0 84 255 9 0 248 255 9955588
86 0 134 2 87 0 83 255 10 0 248 255 10079027
52 0 119 2 76 0 83 255 10 0 248 255 10148099
111 0 75 2 219 255 82 255 11 0 248 255 10242258
130 0 30 2 255 255 81 255 10 0 248 255 10340684
165 0 248 1 37 0 80 255 10 0 248 255 10434885
118 0 6 2 248 255 79 255 11 0 249 255 10562671
185 0 42 2 217 255 79 255 11 0 249 255 10623242
243 0 95 2 192 255 78 255 10 0 249 255 10721645
78 1 57 2 183 255 77 255 10 0 250 255 10815843
174 1 5 2 237 255 76 255 9 0 250 255 10914125
77 1 244 1 76 0 75 255 9 0 250 255 11035522
34 1 25 2 65 0 74 255 10 0 250 255 11106656
199 0 50 2 62 0 73 255 10 0 250 255 11200857
158 0 49 2 15 0 73 255 10 0 250 255 11299156
195 0 209 1 216 255 73 255 9 0 250 255 11393439
65 1 136 1 235 255 72 255 8 0 251 255 11495734
48 1 156 1 233 255 71 255 8 0 250 255 11585798
28 1 186 1 28 0 71 255 8 0 250 255 11680157
42 1 233 1 196 255 70 255 8 0 250 255 11778397
253 0 254 1 255 255 69 255 7 0 250 255 11872672
251 0 246 1 73 0 68 255 7 0 251 255 11982953
23 1 10 2 253 255 67 255 7 0 250 255 12065160
7 1 228 1 8 0 67 255 7 0 251 255 12159342
6 1 1 2 65 0 67 255 7 0 251 255 12253557
40 1 100 2 69 0 67 255 7 0 251 255 12351998
65 1 103 2 48 0 67 255 6 0 251 255 12450066
69 1 88 2 6 0 68 255 7 0 251 255 12544366
28 1 33 2 12 0 68 255 7 0 251 255 12638731
199 0 244 1 53 0 69 255 7 0 251 255 12736912
144 0 227 1 155 255 69 255 7 0 251 255 12831134
39 0 158 1 30 0 70 255 7 0 251 255 12925379
244 255 116 1 48 0 71 255 8 0 252 255 13023747
229 255 165 1 9 0 72 255 9 0 252 255 13118041
240 255 193 1 233 255 72 255 10 0 252 255 13216154
36 0 134 1 199 255 71 255 10 0 252 255 13310499
71 0 148 1 244 255 71 255 10 0 252 255 13408699
100 0 142 1 251 255 71 255 10 0 252 255 13502889
110 0 119 1 247 255 70 255 10 0 252 255 13641109
143 0 119 1 0 0 70 255 10 0 253 255 13695452
168 0 100 1 250 255 70 255 10 0 253 255 13789728
180 0 86 1 12 0 70 255 10 0 253 255 13887994
221 0 82 1 38 0 69 255 10 0 253 255 13982240
206 0 74 1 48 0 69 255 11 0 253 255 14119221
154 0 117 1 47 0 67 255 11 0 253 255 14268946
59 0 137 1 238 255 66 255 11 0 253 255 14367128
47 0 108 1 7 0 66 255 11 0 254 255 14461497
137 0 82 1 23 0 64 255 10 0 253 255 14586686
92 0 138 1 12 0 64 255 10 0 253 255 14653901
68 0 199 1 6 0 63 255 11 0 253 255 14748289
73 0 196 1 3 0 63 255 11 0 253 255 14842431
118 0 211 1 23 0 62 255 10 0 253 255 14940671
166 0 153 1 1 0 61 255 10 0 253 255 15066768
173 0 84 1 5 0 61 255 10 0 253 255 15133216
137 0 90 1 19 0 62 255 10 0 254 255 15231536
155 0 155 1 15 0 62 255 11 0 254 255 15325772
151 0 89 1 238 255 63 255 11 0 254 255 15419948
144 0 76 1 252 255 63 255 10 0 254 255 15541134
203 0 112 1 183 255 64 255 10 0 253 255 15612431
193 0 77 1 190 255 64 255 10 0 253 255 15710769
189 0 60 1 20 0 65 255 9 0 253 255 15805014
114 0 77 1 75 0 65 255 9 0 253 255 15899280
10 0 78 1 50 0 66 255 10 0 253 255 16015595
7 0 55 1 233 255 66 255 10 0 254 255 16091916
59 0 38 1 202 255 67 255 10 0 254 255 16186060
97 0 3 1 244 255 67 255 10 0 254 255 16284238
130 0 255 0 17 0 67 255 10 0 255 255 16378485
147 0 46 1 231 255 67 255 10 0 254 255 16485655
143 0 64 1 244 255 66 255 10 0 254 255 16571029
114 0 124 1 71 0 65 255 10 0 254 255 16669325
78 0 60 1 123 0 63 255 11 0 254 255 16763520
127 0 204 0 235 255 63 255 11 0 254 255 16861876
85 0 247 0 242 255 63 255 12 0 255 255 16970954
54 0 15 1 189 255 62 255 12 0 254 255 17050279
211 255 222 0 27 0 61 255 12 0 255 255 17148650
241 255 224 0 232 255 61 255 10 0 255 255 17242816
131 255 26 1 93 0 60 255 10 0 254 255 17341122
157 255 96 1 231 255 60 255 10 0 254 255 17440443
252 255 93 1 171 255 59 255 10 0 254 255 17533765
88 0 69 1 191 255 59 255 12 0 254 255 17627966
184 0 110 1 231 255 59 255 11 0 254 255 17722121
182 0 106 1 46 0 58 255 11 0 254 255 17816297
229 0 35 1 78 0 59 255 11 0 253 255 18008730
186 0 241 0 75 0 59 255 11 0 253 255 18142943
131 0 31 1 218 255 60 255 12 0 254 255 18201339
8 0 6 1 224 255 61 255 12 0 254 255 18299706
197 255 46 1 196 255 62 255 11 0 253 255 18393886
218 255 34 1 199 255 63 255 11 0 254 255 18488141
203 255 222 0 29 0 64 255 11 0 254 255 18610851
225 255 185 0 42 0 64 255 11 0 255 255 18680680
229 255 209 0 250 255 64 255 11 0 255 255 18778913
247 255 223 0 202 255 64 255 11 0 255 255 18873112
133 0 0 1 173 255 65 255 10 0 255 255 18971389
237 0 209 0 4 0 65 255 10 0 255 255 19086912
241 0 204 0 72 0 65 255 10 0 255 255 19160044
202 0 218 0 88 0 64 255 11 0 255 255 19258197
78 0 223 0 89 0 63 255 11 0 254 255 19352349
40 0 255 0 248 255 63 255 11 0 254 255 19450689
70 0 36 1 186 255 62 255 11 0 254 255 19561156
95 0 63 1 153 255 61 255 10 0 254 255 19643245
41 0 61 1 194 255 60 255 10 0 254 255 19737444
2 0 40 1 203 255 58 255 10 0 254 255 19831595
239 255 98 1 18 0 56 255 9 0 253 255 19929966
18 0 142 1 229 255 54 255 9 0 253 255 20048808
17 0 97 1 27 0 53 255 8 0 253 255 20118468
91 0 245 0 60 0 52 255 8 0 253 255 20216735
112 0 171 0 93 0 51 255 8 0 253 255 20310928
110 0 228 0 76 0 51 255 9 0 253 255 20405059
122 0 14 1 27 0 51 255 9 0 253 255 20648199
160 0 247 0 9 0 51 255 10 0 254 255 20649034
193 0 228 0 10 0 51 255 10 0 254 255 20695972
142 0 235 0 144 0 52 255 9 0 254 255 20790200
94 0 89 1 10 0 51 255 10 0 254 255 20888509
32 0 136 1 243 255 50 255 10 0 253 255 20982610
203 255 148 1 249 255 49 255 11 0 253 255 21076993
198 255 130 1 205 255 47 255 11 0 253 255 21175263
210 255 137 1 208 255 45 255 11 0 252 255 21269478
175 255 89 1 202 255 43 255 10 0 252 255 21363735
206 255 30 1 223 255 41 255 10 0 253 255 21461960
224 255 26 1 239 255 39 255 10 0 253 255 21560277
45 0 56 1 255 255 35 255 8 0 253 255 21700464
146 0 28 1 231 255 31 255 8 0 253 255 21748779
192 0 244 0 24 0 27 255 8 0 253 255 21847098
245 0 202 0 38 0 23 255 8 0 254 255 21941152
170 0 172 0 99 0 17 255 8 0 254 255 22039519
108 0 210 0 63 0 11 255 9 0 254 255 22168964
104 0 10 1 38 0 4 255 9 0 253 255 22228004
227 255 84 1 14 0 252 254 9 0 252 255 22326263
211 255 116 1 155 255 245 254 9 0 252 255 22423274
174 255 126 1 62 0 238 254 8 0 251 255 22518779
240 255 110 1 248 255 232 254 8 0 251 255 22652418
28 0 113 1 17 0 227 254 8 0 252 255 22707193
98 0 169 1 107 255 220 254 8 0 252 255 22805604
189 0 169 1 29 0 214 254 6 0 251 255 22899773
231 0 229 1 87 0 209 254 6 0 251 255 22998069
24 1 0 2 20 0 205 254 7 0 251 255 23147510
57 1 230 1 226 255 201 254 7 0 252 255 23190649
74 1 207 1 16 0 57 1 7 0 252 255 23284744
87 1 145 1 14 0 53 1 7 0 252 255 23378987
87 1 118 1 39 0 51 1 7 0 252 255 23477294
33 1 144 1 52 0 48 1 8 0 252 255 23606499
207 0 224 1 64 0 45 1 9 0 252 255 23669839
176 0 235 1 197 255 38 1 9 0 251 255 23858300
131 0 228 1 230 255 34 1 9 0 251 255 23956780
132 0 225 1 206 255 30 1 9 0 251 255 24086766
176 0 242 1 10 0 27 1 8 0 251 255 24145018
233 0 243 1 7 0 23 1 7 0 250 255 24243314
202 0 171 1 44 0 20 1 7 0 251 255 24337455
172 0 145 1 9 0 18 1 7 0 251 255 24435885
197 0 78 1 178 255 15 1 7 0 252 255 24563401
1 1 1 1 184 255 10 1 7 0 252 255 24624305
59 1 43 1 187 255 11 1 6 0 253 255 24722799
150 1 47 1 174 255 9 1 6 0 252 255 24816827
164 1 59 1 21 0 7 1 6 0 252 255 24915047
46 1 98 1 41 0 6 1 7 0 252 255 25030284
30 1 103 1 191 255 4 1 8 0 252 255 25107661
231 0 34 1 52 0 2 1 8 0 252 255 25201889
4 1 34 1 22 0 1 1 8 0 253 255 25296210
199 0 0 1 235 255 255 0 8 0 253 255 25394381
158 0 224 0 199 255 254 0 8 0 253 255 25509147
169 0 50 1 213 255 253 0 8 0 253 255 25586896
113 0 86 1 208 255 251 0 8 0 252 255 25681161
113 0 60 1 227 255 250 0 7 0 252 255 25775277
136 0 113 1 239 255 249 0 8 0 252 255 25873641
189 0 84 1 210 255 248 0 7 0 253 255 25979435
17 1 93 1 155 255 247 0 7 0 253 255 26066133
94 1 118 1 160 255 247 0 7 0 252 255 26160371
132 1 106 1 236 255 246 0 7 0 252 255 26258665
93 1 113 1 20 0 246 0 7 0 252 255 26352997
60 1 60 1 108 0 247 0 7 0 252 255 26459967
38 1 163 1 100 0 247 0 7 0 252 255 26545411
227 0 179 1 9 0 247 0 8 0 252 255 26639756
209 0 89 1 211 255 248 0 7 0 252 255 26738028
171 0 41 1 221 255 249 0 7 0 252 255 26832099
149 0 34 1 201 255 250 0 7 0 252 255 26930391
71 0 26 1 228 255 250 0 8 0 252 255 27024748
27 0 223 0 21 0 251 0 8 0 252 255 27166834
60 0 182 0 45 0 252 0 7 0 253 255 27213103
100 0 169 0 191 255 252 0 8 0 253 255 27311487
108 0 144 0 209 255 252 0 8 0 253 255 27405678
12 1 1 1 147 255 252 0 7 0 253 255 27504036
98 1 248 0 239 255 252 0 7 0 253 255 27624445
75 1 221 0 78 0 250 0 7 0 254 255 27696465
180 0 239 0 178 0 249 0 7 0 253 255 27790808
179 0 174 0 215 255 248 0 8 0 254 255 27888977
124 0 139 0 9 0 247 0 7 0 254 255 27983231
132 0 222 0 191 255 246 0 8 0 254 255 28097007
132 0 7 1 194 255 244 0 7 0 254 255 28175736
103 0 46 1 139 255 242 0 7 0 254 255 28269987
59 0 42 1 8 0 241 0 6 0 254 255 28368218
74 0 65 1 50 0 239 0 7 0 254 255 28462586
141 0 20 1 254 255 238 0 6 0 254 255 28586311
236 0 229 0 20 0 237 0 6 0 254 255 28655125
14 1 248 0 0 0 237 0 6 0 254 255 28749262
29 1 18 1 231 255 236 0 6 0 254 255 28847503
3 1 251 0 23 0 236 0 6 0 254 255 28941736
179 0 21 1 40 0 236 0 7 0 254 255 29052916
107 0 58 1 135 0 236 0 7 0 254 255 29134312
119 0 72 1 6 0 236 0 8 0 254 255 29228613
87 0 93 1 7 0 235 0 8 0 254 255 29326719
87 0 78 1 249 255 234 0 8 0 254 255 29420978
98 0 8 1 222 255 233 0 8 0 253 255 29520387
57 0 210 0 213 255 232 0 8 0 253 255 29613633
23 0 175 0 173 255 232 0 8 0 253 255 29711855
24 0 155 0 135 255 232 0 8 0 253 255 29806081
22 0 236 0 194 255 232 0 8 0 252 255 29900406
29 0 0 1 49 0 231 0 7 0 252 255 29998701
55 0 10 1 35 0 231 0 7 0 251 255 30092822
151 0 66 1 234 255 230 0 7 0 252 255 30242040
198 0 87 1 1 0 229 0 6 0 252 255 30285335
10 1 116 1 240 255 227 0 6 0 252 255 30380143
36 1 90 1 221 255 224 0 6 0 252 255 30477817
35 1 169 0 46 0 221 0 6 0 253 255 30572126
248 0 210 0 160 0 217 0 6 0 253 255 30699195
254 0 84 1 245 255 213 0 7 0 253 255 30764653
126 0 44 1 61 0 209 0 8 0 252 255 30858755
82 0 8 1 25 0 204 0 9 0 252 255 30957108
27 0 35 1 16 0 199 0 9 0 252 255 31051405
250 255 31 1 221 255 194 0 10 0 252 255 31186327
229 255 35 1 245 255 190 0 10 0 252 255 31243877
202 255 47 1 209 255 184 0 10 0 252 255 31342263
228 255 66 1 184 255 179 0 10 0 251 255 31436315
2 0 135 1 0 0 173 0 9 0 250 255 31530625
16 0 184 1 10 0 168 0 9 0 250 255 31653939
49 0 189 1 28 0 164 0 9 0 250 255 31723120
157 0 112 1 210 255 161 0 8 0 251 255 31821430
212 0 135 1 246 255 158 0 8 0 251 255 31915669
11 1 173 1 8 0 154 0 8 0 250 255 32009951
29 1 132 1 212 255 151 0 8 0 250 255 32137546
11 1 91 1 84 0 148 0 9 0 250 255 32202401
139 0 130 1 132 0 146 0 10 0 250 255 32300687
49 0 153 1 100 0 142 0 11 0 249 255 32394910
62 0 155 1 1 0 139 0 11 0 249 255 32489139
83 0 211 1 8 0 135 0 11 0 249 255 32592422
136 0 239 1 232 255 132 0 10 0 248 255 32681720
123 0 254 1 240 255 128 0 10 0 248 255 32780052
121 0 7 2 236 255 125 0 10 0 248 255 32874185
84 0 27 2 28 0 122 0 10 0 249 255 32968448
54 0 218 1 237 255 119 0 10 0 250 255 33074429
89 0 87 1 245 255 116 0 10 0 250 255 33160985
121 0 61 1 198 255 113 0 10 0 251 255 33259266
237 0 62 1 163 255 110 0 9 0 251 255 33353401
59 1 74 1 115 255 107 0 9 0 251 255 33451781
104 1 60 1 161 255 104 0 9 0 251 255 33545865
118 1 51 1 242 255 101 0 9 0 252 255 33640202
118 1 48 1 63 0 98 0 8 0 252 255 33734429
91 1 217 0 226 255 95 0 9 0 252 255 33832646
220 0 165 0 127 0 92 0 9 0 252 255 33931036
208 0 18 1 51 0 89 0 10 0 252 255 34025180
105 0 23 1 64 0 86 0 10 0 251 255 34119517
52 0 6 1 177 255 83 0 10 0 252 255 34249131
59 0 25 1 97 255 81 0 10 0 252 255 34311976
123 0 61 1 209 255 78 0 8 0 251 255 34410340
246 0 164 1 51 0 76 0 8 0 251 255 34504410
22 1 181 1 59 0 74 0 7 0 251 255 34598613
53 1 87 1 187 255 74 0 7 0 252 255 34716516
35 1 11 1 202 255 74 0 7 0 253 255 34791181
79 1 206 0 192 255 74 0 7 0 254 255 34889557
113 1 229 0 243 255 74 0 7 0 254 255 34983762
104 1 243 0 75 0 75 0 6 0 254 255 35082061
66 1 50 1 122 0 76 0 6 0 253 255 35198577
76 1 150 1 25 0 76 0 6 0 253 255 35270499
43 1 46 1 254 255 77 0 5 0 253 255 35368823
29 1 36 1 238 255 78 0 5 0 254 255 35462994
225 0 66 1 226 255 78 0 5 0 253 255 35557214
145 0 37 1 245 255 78 0 5 0 254 255 35791987
46 0 221 0 31 0 79 0 5 0 254 255 35792546
82 0 134 0 200 255 79 0 6 0 255 255 35848007
144 0 150 0 228 255 79 0 5 0 255 255 35942271
166 0 185 0 179 255 79 0 5 0 255 255 36040647
192 0 173 0 226 255 79 0 5 0 255 255 36134755
9 1 143 0 209 255 79 0 5 0 255 255 36229041
18 1 131 0 221 255 79 0 5 0 255 255 36358338
87 1 140 0 12 0 79 0 5 0 255 255 36421577
94 1 171 0 78 0 79 0 5 0 255 255 36519858
103 1 156 0 40 0 79 0 5 0 255 255 36613970
107 1 167 0 80 0 79 0 5 0 255 255 36708325
19 1 192 0 95 0 78 0 6 0 255 255 36832530
135 0 161 0 152 255 78 0 7 0 255 255 36900833
219 255 94 0 137 255 78 0 7 0 0 0 36995154
191 255 102 0 156 255 78 0 8 0 0 0 37093356
202 255 177 0 213 255 78 0 7 0 0 0 37187538
21 0 174 0 188 255 79 0 7 0 0 0 37305697
125 0 213 0 205 255 79 0 6 0 0 0 37380017
202 0 199 0 217 255 79 0 5 0 0 0 37478288
7 1 179 0 243 255 80 0 5 0 0 0 37572530
215 0 180 0 10 0 81 0 6 0 1 0 37666729
191 0 136 0 62 0 81 0 6 0 0 0 37783749
158 0 164 0 50 0 83 0 6 0 0 0 37863402
120 0 208 0 68 0 84 0 6 0 0 0 37957687
148 0 210 0 235 255 85 0 6 0 0 0 38051800
196 0 163 0 212 255 86 0 6 0 0 0 38146127
198 0 120 0 202 255 87 0 6 0 0 0 38244288
167 0 86 0 194 255 89 0 6 0 0 0 38338645
126 0 72 0 174 255 90 0 6 0 0 0 38436881
89 0 98 0 133 255 92 0 6 0 0 0 38531154
32 0 102 0 238 255 93 0 6 0 0 0 38625341
39 0 43 0 233 255 94 0 6 0 0 0 38723652
121 0 66 0 253 255 96 0 5 0 1 0 38817844
222 0 91 0 228 255 97 0 5 0 1 0 38916191
51 1 107 0 224 255 98 0 4 0 1 0 39010396
111 1 91 0 216 255 98 0 4 0 1 0 39108710
226 0 73 0 40 0 100 0 5 0 1 0 39438119
128 0 242 255 26 0 101 0 5 0 1 0 39489701
170 0 247 255 33 0 103 0 5 0 1 0 39587963
192 0 83 0 38 0 104 0 5 0 1 0 39682111
174 0 125 0 23 0 104 0 4 0 1 0 39780451
217 0 125 0 236 255 105 0 4 0 1 0 39914850
132 0 199 0 202 255 105 0 4 0 1 0 39968887
95 0 121 0 6 0 104 0 4 0 1 0 40067194
146 0 97 0 190 255 104 0 5 0 1 0 40161421
69 0 84 0 59 0 105 0 4 0 1 0 40259765
166 0 20 0 36 0 105 0 5 0 2 0 40387884
176 0 70 0 29 0 106 0 5 0 1 0 40452211
188 0 159 0 193 255 107 0 6 0 1 0 40546562
194 0 213 0 209 255 107 0 6 0 0 0 40640886
205 0 182 0 220 255 109 0 6 0 0 0 40738963
154 0 118 0 139 0 110 0 5 0 0 0 40851590
229 0 159 0 47 0 111 0 5 0 0 0 40927505
157 0 111 0 61 0 112 0 5 0 0 0 41021749
122 0 123 0 0 0 113 0 6 0 1 0 41119915
86 0 136 0 183 255 114 0 6 0 1 0 41214168
254 255 112 0 229 255 114 0 6 0 1 0 41342274
228 255 14 0 238 255 114 0 6 0 1 0 41406796
218 255 253 255 254 255 115 0 6 0 1 0 41504956
38 0 29 0 223 255 115 0 6 0 2 0 41599296
68 0 63 0 207 255 115 0 6 0 2 0 41693449
145 0 89 0 235 255 114 0 6 0 2 0 41808191
177 0 48 0 238 255 113 0 6 0 2 0 41885895
130 0 5 0 3 0 113 0 7 0 2 0 41984341
163 0 8 0 0 0 112 0 7 0 1 0 42078483
144 0 31 0 99 0 111 0 7 0 1 0 42176776
183 0 66 0 25 0 110 0 7 0 1 0 42270980
113 0 60 0 37 0 108 0 7 0 1 0 42365177
83 0 33 0 237 255 107 0 7 0 0 0 42463605
10 0 39 0 34 0 106 0 7 0 1 0 42557801
104 255 136 0 77 0 105 0 8 0 0 0 42651983
31 255 228 0 254 255 103 0 9 0 0 0 42753985
102 255 243 0 158 255 103 0 9 0 0 0 42844572
229 255 208 0 148 255 102 0 9 0 0 0 42942755
104 0 235 0 127 255 102 0 9 0 0 0 43037037
185 0 249 0 126 255 100 0 8 0 0 0 43135332
225 0 186 0 21 0 99 0 7 0 0 0 43241028
243 0 208 0 109 0 98 0 8 0 0 0 43327783
196 0 192 0 86 0 97 0 8 0 0 0 43453199
53 0 196 0 116 0 96 0 8 0 255 255 43520365
10 0 198 0 255 255 94 0 9 0 255 255 43614517
190 255 196 0 235 255 93 0 9 0 255 255 43708772
147 255 197 0 174 255 92 0 9 0 255 255 43807130
159 255 175 0 198 255 91 0 9 0 255 255 43942053
99 255 203 0 240 255 91 0 10 0 255 255 43995519
65 255 179 0 246 255 90 0 10 0 255 255 44093887
82 255 181 0 12 0 89 0 10 0 0 0 44188088
168 255 202 0 177 255 89 0 9 0 0 0 44286405
233 255 141 0 17 0 88 0 9 0 0 0 44411597
86 0 116 0 240 255 86 0 9 0 0 0 44478838
114 0 95 0 231 255 85 0 9 0 0 0 44573100
164 0 76 0 229 255 83 0 9 0 0 0 44667416
165 0 116 0 49 0 81 0 9 0 0 0 44765693
152 0 185 0 88 0 79 0 9 0 0 0 44891375
101 0 199 0 125 0 77 0 9 0 255 255 44954062
34 0 219 0 60 0 75 0 9 0 255 255 45052327
217 255 189 0 240 255 72 0 9 0 255 255 45146559
175 255 203 0 169 255 70 0 9 0 255 255 45244883
223 255 216 0 160 255 68 0 9 0 254 255 45370265
239 255 14 0 190 255 66 0 8 0 254 255 45433266
191 255 47 1 40 0 64 0 8 0 254 255 45531639
203 255 118 1 237 255 62 0 8 0 253 255 45629892
220 255 98 1 5 0 59 0 8 0 253 255 45724154
132 0 73 1 156 255 57 0 7 0 253 255 45822508
176 0 78 1 220 255 55 0 6 0 253 255 45916723
44 1 1 1 196 255 54 0 6 0 253 255 46010909
81 1 245 0 23 0 54 0 5 0 254 255 46105156
10 1 234 0 125 0 54 0 5 0 254 255 46203447
151 0 231 0 154 0 54 0 6 0 254 255 46301736
49 0 225 0 69 0 54 0 7 0 254 255 46395910
0 0 178 0 234 255 55 0 7 0 255 255 46526912
241 255 115 0 230 255 57 0 7 0 255 255 46588586
187 255 117 0 207 255 58 0 8 0 0 0 46682773
149 255 115 0 174 255 59 0 8 0 0 0 46776875
107 255 107 0 242 255 61 0 8 0 0 0 46875206
84 255 90 0 208 255 62 0 9 0 0 0 47007583
128 255 74 0 12 0 63 0 8 0 0 0 47067731
198 255 99 0 197 255 64 0 8 0 0 0 47161934
228 255 64 0 247 255 65 0 8 0 0 0 47256188
91 0 99 0 181 255 66 0 7 0 0 0 47354496
164 0 111 0 186 255 67 0 7 0 0 0 47473338
255 0 139 0 213 255 67 0 6 0 0 0 47543093
10 1 192 0 31 0 68 0 6 0 0 0 47641272
183 0 171 0 81 0 69 0 6 0 0 0 47739566
117 0 164 0 44 0 69 0 6 0 0 0 47833716
114 0 117 0 244 255 70 0 5 0 0 0 47941053
123 0 50 0 3 0 71 0 5 0 0 0 48026207
109 0 243 255 240 255 73 0 4 0 0 0 48120481
33 0 211 255 68 0 75 0 4 0 1 0 48218795
192 255 213 255 27 0 78 0 6 0 1 0 48313088
159 255 179 255 224 255 80 0 6 0 1 0 48425990
44 255 230 255 56 0 82 0 6 0 1 0 48505566
139 255 9 0 253 255 86 0 6 0 1 0 48599823
103 255 68 0 2 0 89 0 6 0 1 0 48698037
223 255 113 0 244 255 97 0 6 0 1 0 48890552
198 255 119 0 29 0 103 0 5 0 1 0 48984831
245 255 93 0 32 0 110 0 5 0 2 0 49117705
32 0 80 0 51 0 117 0 5 0 3 0 49177266
31 0 49 0 0 0 124 0 5 0 4 0 49271491
24 0 212 255 10 0 132 0 5 0 4 0 49369765
87 0 134 255 16 0 139 0 5 0 5 0 49464013
128 0 101 255 220 255 145 0 5 0 5 0 49573440
148 0 93 255 219 255 152 0 4 0 5 0 49656622
162 0 97 255 222 255 158 0 4 0 5 0 49750839
222 0 61 255 187 255 163 0 4 0 5 0 49849076
54 1 58 255 210 255 168 0 4 0 5 0 49943252
151 1 110 255 230 255 172 0 3 0 5 0 50050918
183 1 110 255 45 0 176 0 2 0 4 0 50135876
237 1 160 255 18 0 179 0 3 0 4 0 50230082
173 1 189 255 26 0 182 0 3 0 3 0 50328374
49 1 223 255 3 0 184 0 4 0 3 0 50422519
230 0 165 255 175 255 187 0 5 0 3 0 50520786
202 0 88 255 25 0 190 0 4 0 4 0 50615173
251 0 142 255 217 255 194 0 5 0 4 0 50709345
199 0 149 255 224 255 197 0 5 0 4 0 50803544
171 0 140 255 135 255 201 0 5 0 4 0 50901871
184 0 98 255 241 255 206 0 5 0 4 0 51000934
237 0 117 255 252 255 210 0 5 0 4 0 51094329
202 0 127 255 108 0 213 0 4 0 4 0 51218629
7 1 154 255 33 0 217 0 4 0 4 0 51282838
209 0 131 255 116 0 221 0 4 0 4 0 51381068
235 0 125 255 54 0 224 0 4 0 4 0 51605120
233 0 202 255 239 255 228 0 4 0 3 0 51605941
192 0 226 255 240 255 233 0 4 0 3 0 51693817
237 0 32 0 3 0 238 0 4 0 3 0 51762054
243 0 58 0 252 255 242 0 4 0 3 0 51860441
229 0 213 255 212 255 247 0 4 0 4 0 51958616
27 1 139 255 212 255 252 0 4 0 4 0 52052915
40 1 51 255 231 255 0 1 4 0 4 0 52179273
59 1 72 255 225 255 5 1 5 0 4 0 52245531
41 1 114 255 230 255 10 1 5 0 4 0 52339738
48 1 132 255 190 255 14 1 5 0 3 0 52433849
34 1 152 255 194 255 20 1 5 0 2 0 52532133
32 1 204 255 6 0 25 1 4 0 2 0 52642590
68 1 15 0 198 255 30 1 4 0 2 0 52724672
103 1 232 255 237 255 35 1 4 0 2 0 52818898
128 1 175 255 252 255 40 1 4 0 2 0 52917176
144 1 140 255 236 255 45 1 4 0 2 0 53011483
169 1 119 255 241 255 49 1 4 0 2 0 53121580
144 1 107 255 10 0 54 1 4 0 2 0 53203950
151 1 92 255 239 255 200 254 4 0 3 0 53298254
106 1 122 255 224 255 205 254 4 0 3 0 53396434
83 1 154 255 220 255 210 254 4 0 3 0 53490636
152 1 246 255 189 255 214 254 4 0 3 0 53594049
243 1 38 0 231 255 218 254 4 0 2 0 53683203
21 2 36 0 16 0 222 254 3 0 2 0 53817114
251 1 105 0 22 0 225 254 4 0 1 0 53875720
172 1 136 0 203 255 228 254 4 0 1 0 53969931
156 1 88 0 185 255 231 254 5 0 2 0 54068231
179 1 33 0 166 255 234 254 4 0 2 0 54162482
154 1 254 255 230 255 237 254 5 0 2 0 54299202
88 1 220 255 31 0 241 254 5 0 2 0 54355020
42 1 230 255 38 0 244 254 5 0 1 0 54453280
183 0 238 255 42 0 247 254 6 0 1 0 54547497
207 0 42 0 255 255 251 254 6 0 0 0 54641917
232 0 84 0 209 255 254 254 6 0 0 0 54768757
10 1 95 0 226 255 2 255 5 0 0 0 54834246
85 1 88 0 209 255 6 255 5 0 0 0 54928437
127 1 97 0 197 255 10 255 4 0 0 0 55026793
131 1 175 0 204 255 15 255 4 0 0 0 55120978
174 1 209 0 219 255 19 255 4 0 0 0 55249388
9 2 94 0 33 0 27 255 4 0 0 0 55407833
246 1 136 0 253 255 32 255 5 0 1 0 55506050
112 1 149 0 65 0 35 255 5 0 0 0 55600227
28 1 123 0 35 0 39 255 5 0 0 0 55718871
244 0 133 0 26 0 42 255 6 0 0 0 55792887
4 1 115 0 231 255 46 255 6 0 0 0 55887095
21 1 111 0 208 255 50 255 6 0 0 0 55985391
32 1 27 0 244 255 54 255 5 0 1 0 56079529
93 1 243 255 202 255 58 255 5 0 1 0 56180626
181 1 4 0 207 255 61 255 4 0 1 0 56272051
23 2 40 0 178 255 65 255 4 0 0 0 56366277
68 2 32 0 113 255 68 255 3 0 0 0 56464568
102 2 44 0 160 255 72 255 3 0 0 0 56558811
177 2 71 0 213 255 74 255 3 0 0 0 56657040
143 2 105 0 67 0 76 255 3 0 0 0 56751299
72 2 79 0 85 0 78 255 4 0 0 0 56894133
219 1 78 0 82 0 80 255 4 0 0 0 56943823
86 1 104 0 73 0 81 255 5 0 0 0 57042177
233 0 113 0 224 255 81 255 6 0 0 0 57136365
95 0 145 0 11 0 81 255 6 0 0 0 57230606
72 0 160 0 126 255 82 255 6 0 0 0 57370597
136 0 177 0 167 255 82 255 6 0 0 0 57423125
251 0 102 0 172 255 84 255 6 0 0 0 57517310
67 1 85 0 239 255 85 255 5 0 0 0 57615653
126 1 82 0 213 255 87 255 5 0 0 0 57709787
120 1 101 0 58 0 89 255 5 0 0 0 57834089
89 1 173 0 16 0 92 255 6 0 0 0 57902380
39 1 150 0 145 0 95 255 5 0 0 0 57996624
41 1 116 0 14 0 98 255 6 0 0 0 58094824
10 1 114 0 254 255 100 255 6 0 1 0 58189137
18 1 124 0 181 255 103 255 7 0 1 0 58309333
254 0 114 0 139 255 105 255 7 0 0 0 58381848
223 0 121 0 199 255 107 255 7 0 0 0 58479977
211 0 126 0 180 255 109 255 7 0 0 0 58574099
245 0 53 0 161 255 111 255 6 0 0 0 58668339
77 1 19 0 243 255 114 255 6 0 0 0 58776389
101 1 60 0 238 255 116 255 6 0 0 0 58860875
120 1 100 0 237 255 117 255 6 0 0 0 58959200
182 1 97 0 200 255 118 255 6 0 0 0 59053334
169 1 65 0 18 0 118 255 6 0 0 0 59151786
177 1 62 0 81 0 118 255 7 0 0 0 59245890
39 1 36 0 146 0 118 255 7 0 0 0 59344283
214 0 83 0 209 255 118 255 8 0 0 0 59438439
31 0 108 0 250 255 117 255 8 0 0 0 59532680
235 255 96 0 170 255 116 255 9 0 0 0 59631006
232 255 123 0 215 255 115 255 8 0 0 0 59735293
50 0 48 0 192 255 116 255 8 0 0 0 59819337
171 0 6 0 224 255 118 255 7 0 0 0 59917739
8 1 63 0 182 255 119 255 7 0 0 0 60011958
23 1 67 0 251 255 119 255 7 0 1 0 60110219
30 1 94 0 9 0 120 255 7 0 0 0 60204380
64 1 126 0 85 0 121 255 6 0 1 0 60298661
122 1 161 0 113 0 122 255 6 0 1 0 60427483
73 1 174 0 35 0 122 255 6 0 0 0 60491168
29 1 119 0 54 0 122 255 7 0 0 0 60585476
185 0 74 0 193 255 122 255 8 0 1 0 60683631
168 0 63 0 130 255 121 255 7 0 1 0 60778044
96 0 8 0 193 255 121 255 7 0 1 0 60970527
82 0 202 0 255 255 122 255 7 0 1 0 61064682
129 0 252 255 65 0 123 255 6 0 2 0 61163143
213 0 33 0 236 255 123 255 7 0 2 0 61261405
196 0 39 0 51 0 123 255 7 0 2 0 61385190
32 1 86 0 167 255 123 255 7 0 1 0 61449724
25 1 82 0 232 255 122 255 7 0 1 0 61548041
55 1 42 0 36 0 122 255 7 0 1 0 61642261
40 1 71 0 105 0 121 255 7 0 1 0 61740559
254 0 64 0 78 0 120 255 7 0 1 0 61843759
177 0 118 0 8 0 118 255 8 0 0 0 61928960
107 0 123 0 5 0 117 255 8 0 0 0 62027351
10 0 136 0 193 255 116 255 9 0 0 0 62121547
214 255 104 0 210 255 114 255 9 0 0 0 62215697
249 255 159 0 224 255 113 255 9 0 0 0 62321073
26 0 220 0 225 255 112 255 8 0 0 0 62408259
121 0 195 0 153 255 111 255 8 0 0 0 62506573
165 0 150 0 193 255 110 255 7 0 0 0 62600848
251 0 117 0 166 255 109 255 7 0 0 0 62695004
255 0 114 0 51 0 109 255 7 0 0 0 62793220
1 1 112 0 31 0 109 255 8 0 0 0 62887596
174 0 144 0 76 0 109 255 8 0 0 0 63021697
108 0 231 0 110 0 108 255 8 0 255 255 63080017
148 0 238 0 212 255 107 255 8 0 255 255 63174273
58 0 209 0 252 255 105 255 8 0 255 255 63272591
71 0 203 0 193 255 104 255 8 0 254 255 63370863
51 0 211 0 191 255 104 255 8 0 255 255 63495993
73 0 169 0 231 255 103 255 8 0 255 255 63559368
78 0 124 0 28 0 102 255 7 0 255 255 63657690
90 0 131 0 34 0 102 255 7 0 255 255 63751826
146 0 156 0 199 255 101 255 7 0 0 0 63850080
183 0 92 0 4 0 100 255 7 0 0 0 63961136
3 1 123 0 230 255 100 255 7 0 0 0 64038543
210 0 118 0 22 0 98 255 7 0 0 0 64136967
234 0 105 0 18 0 97 255 7 0 0 0 64231134
186 0 128 0 60 0 96 255 7 0 0 0 64329409
119 0 82 0 101 0 95 255 7 0 0 0 64423672
57 0 91 0 67 0 93 255 8 0 0 0 64517948
68 0 110 0 231 255 92 255 8 0 0 0 64616139
89 0 152 0 255 255 90 255 8 0 255 255 64710427
75 0 127 0 16 0 88 255 8 0 255 255 64808663
12 0 167 0 241 255 86 255 9 0 255 255 64902853
200 255 7 1 19 0 83 255 9 0 255 255 64997202
194 255 196 0 254 255 81 255 9 0 255 255 65144163
199 255 85 0 226 255 80 255 9 0 255 255 65189779
5 0 91 0 196 255 79 255 10 0 0 0 65283900
81 0 145 0 129 255 78 255 10 0 0 0 65382170
189 0 158 0 152 255 77 255 9 0 0 0 65480412
220 0 143 0 243 255 77 255 9 0 0 0 65610822
186 0 124 0 38 0 77 255 9 0 0 0 65672973
154 0 112 0 129 0 77 255 9 0 0 0 65763200
152 0 156 0 81 0 77 255 9 0 0 0 65861447
96 0 203 0 71 0 76 255 9 0 255 255 65955868
59 0 254 0 255 255 76 255 10 0 254 255 66085951
246 255 238 0 227 255 75 255 10 0 254 255 66148201
167 255 217 0 224 255 75 255 10 0 254 255 66242372
152 255 242 0 167 255 75 255 11 0 255 255 66444706
163 255 241 0 200 255 74 255 11 0 255 255 66445177
142 255 209 0 190 255 74 255 11 0 255 255 66553151
189 255 182 0 205 255 73 255 10 0 255 255 66627489
2 0 81 0 199 255 72 255 10 0 0 0 66725712
113 0 76 0 236 255 72 255 9 0 0 0 66819941
201 0 92 0 4 0 71 255 9 0 0 0 66914238
160 0 41 0 12 0 70 255 9 0 0 0 67020457
151 0 37 0 0 0 70 255 9 0 0 0 67110784
141 0 130 0 69 0 69 255 9 0 0 0 67204936
72 0 130 0 51 0 69 255 9 0 255 255 67299328
70 0 157 0 42 0 69 255 8 0 0 0 67397424
94 0 186 0 25 0 68 255 8 0 0 0 67491699
139 0 181 0 196 255 67 255 8 0 255 255 67590022
141 0 223 0 217 255 66 255 8 0 255 255 67725781
85 0 98 0 17 0 63 255 8 0 255 255 67876820
5 0 121 0 37 0 62 255 8 0 255 255 67970918
162 0 172 0 54 0 60 255 8 0 255 255 68065256
185 255 153 0 25 0 59 255 8 0 255 255 68184486
219 255 101 0 5 0 59 255 8 0 255 255 68261802
255 255 154 0 32 0 58 255 8 0 0 0 68356096
110 0 168 0 167 255 58 255 8 0 0 0 68450323
160 0 150 0 249 255 58 255 7 0 0 0 68544473
195 0 156 0 6 0 58 255 8 0 0 0 68662990
131 0 173 0 223 0 58 255 7 0 0 0 68737110
152 0 1 1 234 255 58 255 8 0 0 0 68835315
78 0 220 0 56 0 58 255 8 0 0 0 68929565
26 0 197 0 181 255 58 255 8 0 255 255 69027874
26 0 150 0 132 255 59 255 8 0 0 0 69122083
209 255 143 0 165 255 59 255 8 0 0 0 69220352
160 255 97 0 209 255 59 255 7 0 0 0 69314548
20 0 108 0 11 0 59 255 6 0 0 0 69408848
166 0 100 0 189 255 60 255 6 0 0 0 69507097
213 0 87 0 62 0 60 255 5 0 0 0 69601284
244 0 157 0 239 255 59 255 6 0 0 0 69699676
168 0 137 0 26 0 58 255 6 0 0 0 69826423
128 0 140 0 78 0 58 255 7 0 0 0 69888052
57 0 100 0 68 0 57 255 7 0 0 0 69986354
23 0 28 0 60 0 56 255 7 0 0 0 70080639
37 0 45 0 24 0 56 255 8 0 0 0 70178959
16 0 103 0 2 0 54 255 8 0 0 0 70297138
19 0 87 0 231 255 53 255 8 0 0 0 70367311
2 0 51 0 207 255 52 255 8 0 0 0 70461513
238 255 52 0 203 255 51 255 8 0 0 0 70559842
183 255 138 0 250 255 50 255 8 0 0 0 70658117
149 255 250 0 209 255 49 255 9 0 255 255 70783320
213 255 198 0 231 255 49 255 8 0 255 255 70846582
31 0 158 0 30 0 49 255 8 0 0 0 70945005
44 0 182 0 41 0 49 255 8 0 0 0 71039261
94 0 172 0 19 0 49 255 8 0 0 0 71137381
145 0 121 0 229 255 49 255 9 0 0 0 71255351
105 0 139 0 89 0 50 255 9 0 0 0 71329929
63 0 219 0 99 0 49 255 9 0 0 0 71424160
70 0 196 0 181 255 49 255 9 0 0 0 71518326
243 255 156 0 48 0 49 255 9 0 0 0 71616761
129 255 203 0 21 0 49 255 10 0 0 0 71809121
78 255 208 0 211 255 49 255 10 0 255 255 71949712
129 255 235 0 192 255 48 255 10 0 0 0 71997694
227 255 201 0 181 255 47 255 9 0 0 0 72095921
99 0 127 0 217 255 47 255 8 0 0 0 72190138
149 0 107 0 7 0 46 255 8 0 0 0 72284468
160 0 94 0 210 255 45 255 8 0 0 0 72417047
187 0 112 0 224 255 44 255 8 0 0 0 72476892
154 0 208 0 77 0 42 255 8 0 255 255 72575234
249 255 229 0 30 0 40 255 9 0 254 255 72669436
197 255 131 0 85 0 39 255 8 0 254 255 72763797
211 255 225 0 233 255 38 255 9 0 254 255 72882510
179 255 58 1 210 255 36 255 9 0 254 255 72960275
217 255 41 1 190 255 33 255 9 0 254 255 73054443
240 255 3 1 217 255 31 255 8 0 254 255 73148713
209 255 0 1 243 255 28 255 8 0 254 255 73247152
142 255 24 1 17 0 25 255 9 0 254 255 73370078
126 255 62 1 1 0 22 255 9 0 253 255 73439465
153 255 86 1 37 0 19 255 8 0 253 255 73533703
206 255 67 1 14 0 17 255 8 0 253 255 73627895
242 255 59 1 17 0 15 255 8 0 253 255 73726309
106 0 25 1 217 255 14 255 7 0 253 255 73836992
249 0 208 0 88 0 11 255 7 0 253 255 74013179
111 0 14 1 186 0 10 255 7 0 252 255 74107256
72 0 66 1 231 255 9 255 8 0 251 255 74205561
246 255 32 1 21 0 9 255 7 0 252 255 74299717
10 0 38 1 186 255 8 255 8 0 252 255 74398051
234 255 52 1 10 0 8 255 8 0 252 255 74534203
145 255 108 1 241 255 7 255 8 0 252 255 74586427
54 255 57 1 24 0 5 255 9 0 252 255 74684760
85 255 237 0 186 255 5 255 9 0 253 255 74779004
135 255 238 0 220 255 4 255 9 0 253 255 74877375
234 255 166 0 227 255 3 255 8 0 253 255 74998633
34 0 169 0 254 255 2 255 8 0 253 255 75065750
114 0 192 0 195 255 1 255 8 0 253 255 75164028
142 0 219 0 212 255 0 255 8 0 253 255 75258328
144 0 154 0 248 255 253 254 8 0 253 255 75356534
111 0 71 0 245 255 252 254 8 0 253 255 75482726
51 0 228 0 92 0 250 254 8 0 254 255 75545027
23 0 212 255 42 0 250 254 9 0 255 255 75643280
247 255 248 255 56 0 250 254 9 0 255 255 75737635
237 255 74 0 231 255 249 254 9 0 255 255 75835772
244 255 102 0 175 255 249 254 9 0 255 255 75933883
0 0 129 0 167 255 249 254 9 0 254 255 76028296
223 255 177 0 12 0 249 254 8 0 254 255 76122599
166 255 32 1 23 0 249 254 9 0 254 255 76216834
180 255 143 1 2 0 249 254 9 0 253 255 76315138
239 255 145 1 212 255 250 254 8 0 254 255 76416412
234 255 137 1 4 0 251 254 8 0 254 255 76507679
29 0 68 1 218 255 252 254 8 0 254 255 76630019
109 0 31 1 207 255 255 254 8 0 254 255 76700065
162 0 254 0 49 0 1 255 8 0 255 255 76794386
111 0 247 0 193 0 5 255 7 0 255 255 76888604
97 0 222 0 1 0 8 255 8 0 255 255 76986843
61 0 147 0 14 0 12 255 7 0 0 0 77108610
87 0 119 0 201 255 19 255 7 0 0 0 77273768
238 255 114 0 252 255 23 255 7 0 0 0 77371958
119 255 93 0 189 255 28 255 8 0 0 0 77466163
69 255 204 255 115 255 32 255 8 0 0 0 77579450
157 255 122 255 160 255 36 255 7 0 1 0 77654607
59 0 177 255 227 255 39 255 6 0 1 0 77752957
113 0 190 255 8 0 42 255 6 0 1 0 77851192
121 0 252 255 16 0 44 255 6 0 1 0 77945349
191 0 47 0 195 255 45 255 6 0 0 0 78040022
212 0 4 0 231 255 46 255 6 0 0 0 78137861
35 1 225 255 43 0 47 255 6 0 1 0 78232173
40 1 210 255 117 0 47 255 5 0 1 0 78326371
24 1 187 255 5 0 48 255 5 0 1 0 78424691
233 0 165 255 66 0 49 255 5 0 2 0 78526146
122 0 210 255 249 255 50 255 5 0 1 0 78617185
190 255 225 255 254 255 51 255 6 0 2 0 78748878
94 255 186 255 6 0 51 255 7 0 2 0 78805651
32 255 179 255 3 0 52 255 7 0 2 0 78903983
95 255 159 255 228 255 53 255 7 0 3 0 79002187
174 255 181 255 222 255 54 255 7 0 3 0 79096434
2 0 195 255 229 255 55 255 7 0 2 0 79231491
100 0 2 0 197 255 57 255 7 0 2 0 79288991
115 0 40 0 22 0 58 255 7 0 2 0 79383210
147 0 67 0 25 0 60 255 6 0 2 0 79477382
167 0 88 0 107 0 61 255 6 0 2 0 79571677
6 1 105 0 24 0 62 255 5 0 2 0 79691413
212 0 98 0 58 0 63 255 5 0 2 0 79768290
187 0 62 0 250 255 65 255 6 0 1 0 79862412
120 0 74 0 219 255 67 255 6 0 1 0 79956730
27 0 77 0 182 255 68 255 7 0 1 0 80054930
168 255 242 255 197 255 69 255 7 0 1 0 80159694
151 255 204 255 207 255 70 255 7 0 1 0 80247546
11 0 242 255 223 255 71 255 7 0 2 0 80341855
101 0 216 255 223 255 71 255 6 0 2 0 80440031
140 0 208 255 236 255 71 255 6 0 1 0 80534236
248 0 203 255 183 255 70 255 6 0 2 0 80640882
237 0 230 255 15 0 70 255 6 0 2 0 80726774
230 0 233 255 59 0 69 255 6 0 2 0 80821060
189 0 193 255 89 0 69 255 6 0 2 0 80915212
148 0 184 255 102 0 68 255 6 0 2 0 81013517
125 0 196 255 7 0 67 255 6 0 2 0 81114218
18 0 152 255 232 255 66 255 6 0 3 0 81206031
184 255 149 255 48 0 65 255 6 0 3 0 81300255
65 255 221 255 27 0 64 255 7 0 3 0 81398586
22 255 200 255 245 255 63 255 8 0 3 0 81492763
123 255 214 255 159 255 63 255 7 0 3 0 81586996
217 255 32 0 214 255 63 255 7 0 3 0 81685317
72 0 41 0 202 255 63 255 7 0 2 0 81814028
135 0 38 0 243 255 64 255 7 0 2 0 81877785
141 0 121 0 25 0 65 255 7 0 2 0 81972068
117 0 102 0 79 0 66 255 6 0 2 0 82185315
124 0 131 0 30 0 66 255 6 0 2 0 82185863
80 0 125 0 26 0 67 255 6 0 2 0 82296797
102 0 63 0 3 0 68 255 6 0 2 0 82357099
70 0 246 255 220 255 68 255 6 0 3 0 82451281
14 0 183 255 209 255 69 255 6 0 3 0 82549660
218 255 178 255 173 255 70 255 6 0 3 0 82643785
190 255 150 255 172 255 71 255 6 0 3 0 82752411
183 255 131 255 222 255 72 255 6 0 3 0 82836326
239 255 107 255 218 255 72 255 6 0 3 0 82930560
65 0 191 255 253 255 73 255 5 0 2 0 83024782
123 0 237 255 244 255 73 255 5 0 2 0 83123106
155 0 242 255 253 255 73 255 5 0 2 0 83221805
196 0 254 255 11 0 73 255 4 0 2 0 83315715
191 0 226 255 3 0 72 255 5 0 2 0 83409783
214 0 242 255 25 0 72 255 4 0 2 0 83508166
182 0 220 255 87 0 72 255 4 0 2 0 83602381
203 0 170 255 67 0 72 255 4 0 3 0 83696546
211 0 146 255 32 0 71 255 3 0 3 0 83794867
116 0 163 255 51 0 71 255 4 0 3 0 83922885
61 0 138 255 225 255 71 255 4 0 3 0 83987469
175 255 83 255 37 0 72 255 5 0 3 0 84081657
132 255 133 255 6 0 72 255 5 0 3 0 84180774
152 255 246 255 246 255 73 255 5 0 2 0 84274112
14 0 25 0 205 255 74 255 4 0 2 0 84407728
146 0 64 0 241 255 74 255 4 0 2 0 84466675
0 1 54 0 204 255 74 255 3 0 1 0 84560952
12 1 37 0 30 0 75 255 3 0 1 0 84655172
191 0 84 0 3 0 76 255 4 0 1 0 84753441
128 0 50 0 179 0 77 255 4 0 1 0 84866593
187 0 142 0 33 0 77 255 4 0 1 0 84941971
140 0 114 0 8 0 77 255 4 0 1 0 85040162
106 0 29 0 237 255 78 255 4 0 1 0 85138370
75 0 7 0 195 255 78 255 4 0 1 0 85232754
212 255 12 0 190 255 78 255 4 0 1 0 85341310
126 255 208 255 215 255 78 255 5 0 1 0 85425191
86 255 180 255 200 255 79 255 5 0 1 0 85519447
124 255 185 255 242 255 78 255 5 0 1 0 85617746
246 255 192 255 177 255 78 255 4 0 1 0 85712024
66 0 202 255 235 255 78 255 4 0 1 0 85806068
196 0 207 255 193 255 77 255 4 0 1 0 85904410
214 0 158 255 20 0 76 255 4 0 2 0 86002744
198 0 132 255 49 0 75 255 4 0 2 0 86096969
137 0 198 255 78 0 73 255 4 0 1 0 86191186
144 0 160 255 73 0 73 255 4 0 2 0 86289204
103 0 220 255 43 0 72 255 4 0 2 0 86383741
67 0 37 0 229 255 70 255 4 0 1 0 86531470
56 0 84 0 220 255 69 255 5 0 2 0 86576248
26 0 87 0 212 255 67 255 5 0 2 0 86670422
191 255 64 0 169 255 65 255 5 0 2 0 86768699
103 255 90 0 196 255 64 255 5 0 2 0 86862994
67 255 107 0 0 0 63 255 5 0 2 0 86991615
109 255 71 0 224 255 62 255 5 0 2 0 87055436
107 255 26 0 195 255 62 255 5 0 2 0 87149781
174 255 16 0 203 255 62 255 5 0 2 0 87247963
80 0 32 0 186 255 63 255 5 0 2 0 87342219
178 0 54 0 236 255 64 255 4 0 2 0 87459593
206 0 83 0 44 0 65 255 4 0 1 0 87534773
189 0 156 0 91 0 66 255 4 0 1 0 87629003
121 0 161 0 48 0 67 255 4 0 0 0 87727257
50 0 125 0 21 0 68 255 4 0 0 0 87821566
4 0 80 0 193 255 69 255 4 0 0 0 87923449
242 255 29 0 189 255 70 255 4 0 1 0 88013935
252 255 43 0 201 255 70 255 4 0 1 0 88108363
251 255 67 0 12 0 71 255 4 0 1 0 88202423
173 255 49 0 54 0 71 255 5 0 1 0 88300793
121 255 14 0 253 255 71 255 5 0 1 0 88407366
151 255 18 0 195 255 72 255 6 0 1 0 88493343
170 255 226 255 240 255 72 255 6 0 1 0 88587521
19 0 25 0 156 255 72 255 6 0 1 0 88685880
89 0 6 0 171 255 71 255 5 0 2 0 88780159
125 0 142 255 12 0 70 255 5 0 2 0 88878280
198 0 199 255 70 0 69 255 6 0 3 0 88972524
75 0 241 255 185 0 67 255 5 0 2 0 89112602
71 0 217 255 19 0 66 255 6 0 2 0 89165064
237 255 235 255 26 0 64 255 6 0 2 0 89259355
239 255 27 0 202 255 63 255 6 0 2 0 89357529
229 255 17 0 234 255 61 255 6 0 2 0 89451882
223 255 36 0 203 255 60 255 6 0 2 0 89580284
184 255 90 0 227 255 58 255 6 0 1 0 89644291
153 255 142 0 192 255 57 255 6 0 1 0 89738658
98 255 162 0 253 255 55 255 6 0 1 0 89836803
147 255 186 0 202 255 54 255 6 0 0 0 89931091
157 255 152 0 237 255 52 255 6 0 0 0 90054515
223 255 159 0 246 255 51 255 6 0 1 0 90123573
49 0 159 0 251 255 50 255 6 0 1 0 90221907
185 0 116 0 20 0 48 255 5 0 1 0 90316112
225 0 56 0 12 0 47 255 6 0 1 0 90410337
145 0 249 255 251 255 47 255 6 0 1 0 90530862
14 0 43 0 154 0 46 255 6 0 1 0 90602901
31 0 115 0 200 255 46 255 7 0 1 0 90697157
170 255 128 0 28 0 45 255 6 0 0 0 90795385
79 255 242 0 229 255 44 255 7 0 0 0 90889732
21 255 49 1 193 255 42 255 7 0 0 0 90995363
230 254 25 1 234 255 39 255 7 0 0 0 91082209
223 254 232 0 213 255 37 255 7 0 0 0 91180485
19 255 204 0 236 255 35 255 7 0 0 0 91274715
78 255 147 0 231 255 33 255 7 0 0 0 91372926
132 255 111 0 249 255 31 255 7 0 0 0 91477284
236 255 134 0 214 255 28 255 6 0 0 0 91561420
59 0 135 0 198 255 24 255 6 0 0 0 91655685
62 0 158 0 65 0 19 255 6 0 0 0 91753871
91 0 37 1 16 0 10 255 6 0 255 255 91852251
44 0 91 1 93 0 7 255 5 0 254 255 91946850
221 255 50 1 23 0 1 255 6 0 253 255 92040689
129 255 148 1 30 0 251 254 6 0 252 255 92138949
152 255 4 2 224 255 244 254 6 0 251 255 92233194
141 255 26 2 200 255 237 254 6 0 251 255 92331505
162 255 237 1 250 255 230 254 6 0 251 255 92425651
185 255 239 1 219 255 224 254 6 0 250 255 92519884
188 255 10 2 237 255 217 254 5 0 250 255 92645935
233 255 57 2 218 255 211 254 6 0 250 255 92712550
51 0 36 2 246 255 205 254 5 0 250 255 92806708
137 0 1 2 254 255 200 254 5 0 250 255 92905029
187 0 24 2 0 0 55 1 5 0 251 255 92999218
181 0 231 1 248 255 51 1 5 0 251 255 93133559
212 0 159 1 251 255 47 1 5 0 252 255 93191753
198 0 155 1 231 255 43 1 6 0 252 255 93286033
98 0 96 1 64 0 40 1 6 0 252 255 93384217
61 0 100 1 83 0 37 1 6 0 252 255 93478616
82 0 175 1 40 0 33 1 6 0 251 255 93600049
72 0 233 1 254 255 29 1 6 0 251 255 93671031
53 0 229 1 232 255 26 1 6 0 250 255 93769286
54 0 187 1 207 255 22 1 5 0 250 255 93863515
12 0 196 1 24 0 19 1 5 0 251 255 93957825
103 0 218 1 31 0 15 1 5 0 251 255 94063264
169 0 146 1 4 0 11 1 4 0 252 255 94150326
132 0 68 1 65 0 5 1 5 0 252 255 94244545
129 0 94 1 15 0 255 0 5 0 253 255 94342814
26 0 181 1 108 0 247 0 6 0 252 255 94437018
56 0 77 2 43 0 238 0 6 0 250 255 94540348
32 0 141 2 21 0 229 0 6 0 249 255 94629539
60 0 128 2 180 255 222 0 6 0 249 255 94727850
107 0 163 2 226 255 215 0 5 0 249 255 94822023
154 0 192 2 207 255 207 0 5 0 249 255 94920298
185 0 129 2 221 255 200 0 5 0 249 255 95014524
206 0 121 2 232 255 192 0 5 0 249 255 95108843
190 0 78 2 231 255 185 0 5 0 249 255 95240995
217 0 43 2 14 0 178 0 5 0 250 255 95301288
244 0 235 1 15 0 172 0 5 0 250 255 95395585
54 1 204 1 224 255 166 0 5 0 251 255 95493816
92 1 150 1 217 255 161 0 5 0 252 255 95592156
178 1 130 1 233 255 156 0 4 0 253 255 95713348
230 1 115 1 196 255 151 0 4 0 252 255 95780529
235 1 66 1 193 255 147 0 4 0 253 255 95874884
169 1 36 1 34 0 144 0 4 0 253 255 95973077
160 1 117 1 17 0 137 0 3 0 254 255 96176703
134 1 147 1 205 255 133 0 3 0 254 255 96259798
109 1 149 1 202 255 130 0 4 0 253 255 96354117
71 1 121 1 173 255 126 0 4 0 253 255 96452373
54 1 70 1 236 255 123 0 4 0 254 255 96546581
70 1 14 1 20 0 119 0 4 0 254 255 96652805
95 1 41 1 7 0 115 0 4 0 254 255 96739098
90 1 84 1 218 255 111 0 4 0 254 255 96837392
143 1 64 1 178 255 107 0 4 0 254 255 96931609
215 1 17 1 151 255 102 0 3 0 254 255 97029940
33 2 250 0 191 255 97 0 3 0 254 255 97124137
31 2 251 0 64 0 91 0 3 0 254 255 97218431
243 1 26 1 165 255 85 0 4 0 253 255 97492982
102 1 218 0 29 0 80 0 3 0 254 255 97493989
48 1 0 1 249 255 75 0 4 0 253 255 97509222
248 0 0 1 11 0 71 0 4 0 253 255 97603487
190 0 9 1 217 255 66 0 4 0 254 255 97697666
236 0 8 1 200 255 62 0 4 0 254 255 97825969
54 1 209 0 6 0 58 0 4 0 254 255 97890074
161 1 190 0 127 255 55 0 3 0 255 255 97988434
33 2 219 0 105 255 53 0 3 0 255 255 98082692
141 2 221 0 138 255 51 0 2 0 255 255 98176855
174 2 199 0 205 255 50 0 2 0 255 255 98288642
160 2 8 1 49 0 50 0 2 0 0 0 98369449
18 2 84 1 106 0 49 0 2 0 255 255 98467818
219 1 140 1 237 255 49 0 3 0 255 255 98561972
117 1 33 1 192 255 49 0 3 0 255 255 98656220
91 1 164 0 153 255 50 0 2 0 255 255 98754366
121 1 177 0 50 0 50 0 1 0 0 0 98848641
66 1 128 0 7 0 49 0 1 0 255 255 98988827
62 1 65 0 45 0 50 0 1 0 0 0 99041239
129 1 65 0 201 255 49 0 1 0 0 0 99139515
106 1 18 0 14 0 49 0 1 0 0 0 99233713
179 1 23 0 255 255 49 0 1 0 0 0 99328071
209 1 50 0 232 255 48 0 2 0 0 0 99459039
199 1 85 0 0 0 47 0 2 0 0 0 99520439
141 1 159 0 120 0 46 0 2 0 255 255 99614714
156 1 139 0 251 255 45 0 2 0 255 255 99712973
57 1 93 0 221 255 44 0 2 0 255 255 99914766
228 0 125 0 188 255 43 0 3 0 255 255 99999789
109 0 167 0 149 255 43 0 3 0 255 255 100094001
74 0 204 0 214 255 43 0 3 0 255 255 100192230
144 0 208 0 216 255 43 0 3 0 255 255 100290511
10 1 199 0 162 255 44 0 3 0 0 0 100389840
57 1 228 0 202 255 44 0 2 0 0 0 100479110
180 1 170 0 251 255 44 0 2 0 0 0 100577268
165 1 184 0 169 0 44 0 2 0 0 0 100671554
104 1 205 0 74 0 45 0 3 0 0 0 100765776
53 1 187 0 38 0 45 0 3 0 0 0 100865999
105 1 228 0 240 255 46 0 2 0 255 255 100958309
44 1 218 0 20 0 46 0 2 0 255 255 101084710
201 0 177 0 196 255 46 0 2 0 254 255 101150711
184 0 188 0 126 255 47 0 3 0 254 255 101245055
198 0 192 0 239 255 47 0 2 0 254 255 101343235
57 1 128 0 131 255 47 0 2 0 255 255 101437527
97 1 68 0 212 255 47 0 2 0 255 255 101560941
222 1 56 0 155 255 47 0 2 0 0 0 101630095
169 1 35 0 87 0 47 0 2 0 0 0 101724378
131 1 45 0 33 0 46 0 3 0 0 0 101822471
246 0 104 0 33 0 45 0 4 0 0 0 101916734
210 0 87 0 32 0 44 0 4 0 0 0 102030667
173 0 154 0 5 0 43 0 4 0 0 0 102109366
78 0 111 0 25 0 42 0 4 0 0 0 102207596
206 255 129 0 14 0 40 0 5 0 0 0 102301914
201 255 119 0 157 255 40 0 6 0 0 0 102396082
233 255 41 0 204 255 40 0 6 0 0 0 102511908
88 0 143 0 207 255 40 0 5 0 0 0 102592675
116 0 236 0 168 255 40 0 6 0 0 0 102686873
250 0 231 0 128 255 41 0 5 0 0 0 102781113
82 1 201 0 54 0 41 0 4 0 1 0 102875332
80 1 182 0 174 0 42 0 4 0 0 0 102973591
83 1 143 0 37 0 43 0 5 0 1 0 103067807
179 0 135 0 40 0 43 0 5 0 1 0 103192578
127 0 131 0 185 255 44 0 5 0 0 0 103260354
80 0 175 0 172 255 44 0 5 0 0 0 103354577
38 0 109 0 217 255 45 0 5 0 0 0 103452806
62 0 21 0 229 255 46 0 5 0 0 0 103547183
62 0 88 0 211 255 46 0 5 0 0 0 103664486
115 0 17 0 211 255 46 0 5 0 0 0 103739573
195 0 14 0 131 255 47 0 5 0 1 0 103833922
45 1 40 0 180 255 47 0 4 0 1 0 103932161
48 1 14 0 28 0 47 0 5 0 1 0 104030419
117 1 27 0 60 0 47 0 5 0 2 0 104137380
80 1 63 0 137 0 46 0 4 0 1 0 104218948
87 1 101 0 243 255 46 0 5 0 1 0 104313199
199 0 114 0 142 0 44 0 5 0 1 0 104411398
67 0 151 0 222 255 42 0 6 0 1 0 104505699
137 255 119 0 188 255 41 0 7 0 1 0 104615838
64 255 184 0 187 255 40 0 7 0 1 0 104702185
190 255 55 0 189 255 40 0 7 0 1 0 104890674
76 0 153 0 147 255 40 0 6 0 1 0 104988894
240 0 164 0 206 255 41 0 6 0 1 0 105083163
35 1 139 0 38 0 42 0 6 0 1 0 105177470
45 1 111 0 142 0 42 0 5 0 1 0 105308252
58 1 178 0 66 0 43 0 5 0 1 0 105369916
250 0 146 0 69 0 44 0 5 0 1 0 105464271
176 0 97 0 211 255 44 0 5 0 1 0 105562423
93 0 99 0 134 255 44 0 6 0 1 0 105660719
12 0 66 0 221 255 44 0 6 0 1 0 105791511
252 255 250 255 217 255 44 0 6 0 1 0 105849148
49 0 209 255 29 0 44 0 5 0 1 0 105947488
114 0 217 255 206 255 44 0 5 0 1 0 106041734
116 0 6 0 2 0 44 0 5 0 1 0 106139966
219 0 94 0 167 255 44 0 5 0 2 0 106263947
10 0 56 0 4 0 42 0 5 0 2 0 106328525
251 0 33 0 72 0 40 0 5 0 2 0 106426752
191 0 38 0 227 0 38 0 5 0 2 0 106520895
211 0 19 0 45 0 36 0 5 0 2 0 106619294
47 0 94 0 71 0 34 0 6 0 2 0 106724719
10 0 210 0 137 255 32 0 7 0 1 0 106811758
239 255 221 0 129 255 29 0 7 0 1 0 106906044
154 255 116 0 231 255 26 0 7 0 1 0 107000247
67 255 120 0 245 255 25 0 8 0 1 0 107098574
94 255 78 0 124 255 24 0 8 0 1 0 107206301
209 255 140 0 162 255 23 0 8 0 1 0 107286965
68 0 216 0 185 255 22 0 7 0 1 0 107385308
218 0 170 0 199 255 22 0 7 0 1 0 107479603
180 0 132 0 193 0 22 0 7 0 1 0 107672260
190 0 176 0 29 0 23 0 7 0 1 0 107766242
106 0 100 0 10 0 23 0 7 0 1 0 107864546
214 255 131 0 201 255 23 0 8 0 1 0 107958817
150 255 129 0 201 255 23 0 8 0 1 0 108057075
55 255 103 0 240 255 23 0 8 0 0 0 108151364
73 255 105 0 250 255 23 0 8 0 1 0 108249587
145 255 68 0 220 255 23 0 7 0 1 0 108372302
140 255 219 255 10 0 23 0 7 0 2 0 108438066
219 255 214 255 202 255 24 0 7 0 3 0 108532376
59 0 249 255 183 255 25 0 7 0 3 0 108630553
105 0 230 255 10 0 25 0 7 0 3 0 108724774
141 0 2 0 235 255 25 0 7 0 3 0 108840119
138 0 41 0 36 0 25 0 6 0 2 0 108917294
108 0 78 0 48 0 25 0 6 0 2 0 109015570
143 0 72 0 36 0 25 0 6 0 2 0 109109812
159 0 87 0 21 0 25 0 6 0 2 0 109208214
116 0 106 0 252 255 25 0 6 0 3 0 109306011
54 0 86 0 243 255 24 0 6 0 3 0 109400689
25 0 89 0 113 255 23 0 6 0 2 0 109494866
71 0 56 0 154 255 23 0 6 0 2 0 109589071
83 0 89 0 77 0 23 0 5 0 2 0 109687381
225 255 135 0 142 0 22 0 6 0 2 0 109785030
107 255 175 0 62 0 21 0 7 0 2 0 109875858
99 255 104 0 157 255 21 0 8 0 2 0 110005234
151 255 75 0 155 255 21 0 7 0 3 0 110068359
40 0 73 0 192 255 21 0 6 0 3 0 110166690
169 0 62 0 31 0 22 0 6 0 2 0 110260924
172 0 124 0 96 0 23 0 6 0 2 0 110355085
124 0 120 0 156 0 24 0 6 0 2 0 110471547
137 0 146 0 53 0 26 0 6 0 2 0 110547586
53 0 173 0 253 255 27 0 7 0 2 0 110645884
31 0 117 0 240 255 29 0 7 0 2 0 110740098
1 0 42 0 247 255 30 0 7 0 2 0 110838449
251 255 4 0 175 255 31 0 7 0 2 0 110961401
24 0 33 0 129 255 32 0 7 0 2 0 111026845
247 255 65 0 163 255 34 0 7 0 2 0 111125195
255 255 50 0 160 255 35 0 7 0 2 0 111219350
211 255 10 0 252 255 36 0 7 0 3 0 111317752
10 0 231 255 12 0 37 0 6 0 3 0 111417587
42 0 0 0 236 255 37 0 6 0 2 0 111506118
12 0 205 255 4 0 37 0 6 0 2 0 111604476
66 0 239 255 4 0 37 0 6 0 2 0 111698701
129 0 34 0 11 0 35 0 6 0 1 0 111797010
120 0 4 0 48 0 34 0 6 0 1 0 111896977
128 0 239 255 71 0 32 0 6 0 1 0 111989577
102 0 65 0 98 0 29 0 6 0 1 0 112083733
94 0 142 0 3 0 27 0 7 0 1 0 112177976
9 0 175 0 243 255 24 0 7 0 0 0 112276289
20 0 226 0 202 255 20 0 8 0 0 0 112373529
251 255 242 0 162 255 17 0 8 0 0 0 112464698
12 0 223 0 148 255 14 0 8 0 0 0 112607307
35 0 215 0 193 255 10 0 7 0 0 0 112657181
27 0 193 0 220 255 7 0 7 0 0 0 112755583
216 255 209 0 205 255 4 0 8 0 0 0 112849756
105 255 255 0 51 0 1 0 9 0 0 0 112943919
85 255 17 1 12 0 255 255 9 0 0 0 113209741
96 255 230 0 50 0 253 255 8 0 255 255 113211104
162 255 247 0 239 255 252 255 8 0 255 255 113234761
231 255 253 0 212 255 251 255 8 0 0 0 113332985
128 0 185 0 218 255 251 255 7 0 0 0 113427288
237 0 128 0 10 0 252 255 6 0 0 0 113540601
179 0 150 0 190 0 252 255 5 0 0 0 113619795
188 0 227 0 12 0 253 255 6 0 0 0 113714007
61 0 242 0 78 0 253 255 5 0 255 255 113808222
10 0 11 1 10 0 253 255 6 0 255 255 113906537
228 255 19 1 180 255 253 255 6 0 254 255 114003640
200 255 247 0 193 255 253 255 6 0 254 255 114095033
194 255 204 0 206 255 253 255 6 0 254 255 114242306
195 255 191 0 186 255 253 255 6 0 254 255 114287478
175 255 199 0 209 255 253 255 7 0 254 255 114381666
155 255 155 0 243 255 253 255 6 0 254 255 114479948
211 255 144 0 38 0 253 255 6 0 255 255 114574233
2 0 155 0 207 255 253 255 6 0 255 255 114698954
19 0 154 0 251 255 252 255 6 0 255 255 114766800
64 0 166 0 240 255 251 255 6 0 255 255 114865036
114 0 144 0 248 255 249 255 6 0 0 0 114959253
102 0 117 0 6 0 247 255 7 0 0 0 115053582
131 0 101 0 16 0 245 255 7 0 0 0 115170789
74 0 88 0 82 0 243 255 7 0 0 0 115246144
16 0 121 0 61 0 240 255 7 0 0 0 115344348
252 255 197 0 238 255 238 255 8 0 0 0 115438600
186 255 198 0 255 255 235 255 8 0 0 0 115536874
174 255 194 0 219 255 233 255 8 0 0 0 115631025
125 255 194 0 11 0 230 255 8 0 0 0 115729297
187 255 183 0 214 255 227 255 8 0 0 0 115848178
186 255 181 0 7 0 225 255 8 0 0 0 115921895
195 255 173 0 247 255 223 255 8 0 0 0 116016126
215 255 164 0 66 0 221 255 7 0 0 0 116110331
217 255 55 1 223 255 219 255 8 0 254 255 116208800
230 255 126 1 206 255 217 255 7 0 253 255 116304334
231 255 146 1 153 255 216 255 7 0 253 255 116397119
7 0 156 1 193 255 216 255 7 0 254 255 116491322
227 255 70 1 61 0 215 255 7 0 255 255 116589578
255 255 237 0 92 0 215 255 7 0 255 255 116687892
2 0 234 0 11 0 216 255 7 0 255 255 116782072
171 255 23 1 255 255 217 255 7 0 255 255 116876405
170 255 211 0 250 255 217 255 7 0 255 255 117011689
233 255 144 0 194 255 216 255 7 0 255 255 117068834
126 0 171 0 195 255 215 255 7 0 0 0 117167142
235 0 137 0 236 255 213 255 6 0 255 255 117261422
208 0 115 0 80 0 209 255 6 0 255 255 117355640
156 0 134 0 109 0 205 255 6 0 254 255 117462793
57 0 54 1 0 0 201 255 7 0 253 255 117548211
2 0 134 1 19 0 198 255 7 0 252 255 117642319
222 255 241 1 243 255 194 255 7 0 252 255 117740747
195 255 8 2 195 255 190 255 7 0 252 255 117838922
187 255 181 1 204 255 186 255 7 0 253 255 117933127
190 255 123 1 229 255 182 255 7 0 253 255 118027432
185 255 63 1 8 0 178 255 7 0 253 255 118142712
183 255 60 1 5 0 174 255 7 0 253 255 118219930
185 255 46 1 253 255 171 255 7 0 253 255 118318254
193 255 54 1 253 255 167 255 7 0 252 255 118412449
204 255 76 1 34 0 164 255 7 0 252 255 118506881
197 255 83 1 14 0 161 255 7 0 252 255 118604947
179 255 136 1 236 255 159 255 7 0 251 255 118699115
171 255 158 1 240 255 157 255 7 0 251 255 118797459
240 255 146 1 236 255 156 255 7 0 252 255 118891717
79 0 173 1 225 255 154 255 7 0 252 255 118986005
156 0 155 1 7 0 153 255 6 0 252 255 119084244
249 0 154 1 29 0 151 255 6 0 252 255 119178420
34 1 110 1 57 0 150 255 6 0 252 255 119304391
59 1 106 1 22 0 149 255 6 0 251 255 119370930
227 0 122 1 7 0 147 255 6 0 251 255 119469255
171 0 61 1 41 0 146 255 6 0 252 255 119563474
217 0 15 1 32 0 144 255 6 0 252 255 119657732
122 0 33 1 86 0 142 255 6 0 251 255 119755974
52 0 123 1 45 0 140 255 7 0 251 255 119850243
4 0 169 1 224 255 138 255 7 0 251 255 119978453
144 255 163 1 1 0 136 255 8 0 250 255 120042797
98 255 160 1 49 0 135 255 8 0 251 255 120141132
134 255 194 1 249 255 134 255 8 0 251 255 120235260
203 255 184 1 238 255 133 255 8 0 251 255 120329551
74 0 211 1 182 255 132 255 8 0 251 255 120442355
191 0 195 1 212 255 130 255 7 0 251 255 120522063
52 1 162 1 229 255 127 255 6 0 252 255 120616225
59 1 89 1 54 0 124 255 6 0 252 255 120714555
250 0 56 1 108 0 121 255 6 0 252 255 120808765
174 0 65 1 8 0 118 255 7 0 251 255 120907043
69 0 73 1 242 255 115 255 7 0 252 255 121001306
43 0 64 1 205 255 113 255 7 0 252 255 121138125
19 0 64 1 15 0 111 255 6 0 252 255 121193800
254 255 56 1 5 0 109 255 7 0 252 255 121288037
229 255 33 1 238 255 107 255 7 0 253 255 121386358
220 255 9 1 1 0 105 255 6 0 253 255 121480619
248 255 50 1 34 0 104 255 6 0 253 255 121595704
18 0 121 1 33 0 102 255 6 0 252 255 121673033
48 0 180 1 6 0 101 255 6 0 252 255 121767446
144 0 176 1 206 255 101 255 6 0 253 255 121865535
167 0 182 1 218 255 101 255 6 0 253 255 121959835
225 0 169 1 214 255 100 255 6 0 253 255 122058047
18 1 162 1 221 255 100 255 6 0 253 255 122152414
12 1 157 1 197 255 100 255 7 0 253 255 122276703
171 0 134 1 127 0 101 255 6 0 253 255 122344818
171 0 113 1 47 0 102 255 7 0 253 255 122439127
98 0 81 1 58 0 102 255 7 0 253 255 122537311
28 0 62 1 249 255 103 255 8 0 253 255 122631608
0 0 31 1 193 255 103 255 8 0 253 255 122742751
1 0 92 1 197 255 104 255 8 0 253 255 122824187
226 255 104 1 184 255 104 255 8 0 253 255 122949353
216 255 127 1 238 255 104 255 8 0 253 255 123016756
141 255 49 1 246 255 104 255 9 0 253 255 123110863
195 255 203 0 216 255 104 255 8 0 254 255 123205060
31 0 221 0 227 255 105 255 8 0 254 255 123303410
38 0 233 0 246 255 105 255 8 0 254 255 123413344
123 0 221 0 219 255 105 255 8 0 254 255 123495901
218 0 198 0 244 255 105 255 7 0 254 255 123590090
245 0 190 0 7 0 105 255 7 0 254 255 123684371
0 1 210 0 230 255 105 255 7 0 254 255 123782733
241 0 10 1 39 0 105 255 7 0 254 255 123880970
154 0 33 1 87 0 105 255 7 0 253 255 123971133
163 0 0 1 24 0 105 255 7 0 254 255 124093147
116 0 28 1 217 255 105 255 7 0 253 255 124167633
16 0 245 0 253 255 104 255 7 0 253 255 124261961
187 255 150 0 40 0 105 255 7 0 253 255 124356125
96 255 185 0 21 0 106 255 8 0 253 255 124454374
78 255 233 0 223 255 106 255 8 0 253 255 124556869
192 255 9 1 155 255 107 255 8 0 253 255 124647021
66 0 46 1 153 255 107 255 7 0 253 255 124788163
221 0 52 1 198 255 108 255 6 0 253 255 124835335
15 1 43 1 9 0 108 255 6 0 253 255 124933725
210 0 9 1 225 255 109 255 7 0 254 255 125027872
109 0 215 0 102 0 110 255 7 0 254 255 125126209
137 0 24 1 244 255 111 255 8 0 254 255 125247518
6 0 98 1 77 0 110 255 7 0 254 255 125318777
17 0 24 1 189 255 111 255 7 0 254 255 125412963
6 0 169 0 237 255 112 255 7 0 255 255 125511305
252 255 147 0 140 255 114 255 7 0 255 255 125605508
239 255 142 0 225 255 115 255 7 0 255 255 125699756
202 255 207 0 208 255 116 255 7 0 255 255 125793943
158 255 128 0 236 255 117 255 8 0 255 255 125919175
219 255 98 0 252 255 118 255 7 0 255 255 125986532
244 255 116 0 244 255 118 255 7 0 255 255 126084778
11 0 117 0 57 0 118 255 7 0 255 255 126178994
73 0 198 0 20 0 118 255 8 0 255 255 126277187
123 0 144 0 227 255 117 255 8 0 255 255 126389484
181 0 104 0 16 0 117 255 8 0 255 255 126465794
156 0 172 0 130 0 116 255 8 0 255 255 126564005
107 0 160 0 36 0 115 255 9 0 255 255 126662375
5 0 142 0 77 0 115 255 9 0 255 255 126756578
197 255 73 0 198 255 115 255 11 0 0 0 126850727
103 255 132 0 136 255 114 255 11 0 255 255 126949122
82 255 159 0 96 255 114 255 10 0 255 255 127064194
77 255 210 0 214 255 114 255 9 0 254 255 127137451
77 255 27 1 235 255 113 255 9 0 254 255 127235836
92 255 9 1 37 0 112 255 9 0 253 255 127330058
147 255 251 0 226 255 112 255 8 0 253 255 127424252
251 255 49 1 204 255 112 255 8 0 253 255 127528138
132 0 108 1 173 255 112 255 7 0 253 255 127616941
184 0 128 1 207 255 112 255 6 0 253 255 127896128
180 0 119 1 47 0 112 255 6 0 253 255 127896668
178 0 52 1 135 0 112 255 6 0 254 255 127903466
170 0 235 0 100 0 111 255 6 0 253 255 128001880
129 0 210 0 67 0 111 255 6 0 253 255 128100077
85 0 130 0 205 255 111 255 6 0 254 255 128288497
34 0 134 0 241 255 111 255 6 0 254 255 128382723
9 0 185 0 174 255 111 255 7 0 253 255 128481090
200 255 195 0 199 255 111 255 7 0 253 255 128579305
92 255 162 0 248 255 110 255 7 0 253 255 128673626
90 255 137 0 208 255 110 255 8 0 254 255 128767890
173 255 106 0 217 255 110 255 7 0 254 255 128892736
255 255 47 0 226 255 109 255 7 0 254 255 128960371
106 0 79 0 198 255 109 255 6 0 254 255 129058719
235 0 82 0 207 255 109 255 6 0 255 255 129152821
206 0 117 0 54 0 108 255 6 0 255 255 129247086
168 0 106 0 112 0 107 255 7 0 255 255 129351588
138 0 57 0 127 0 106 255 6 0 255 255 129439632
161 0 62 0 24 0 105 255 6 0 0 0 129575263
46 0 84 0 67 0 104 255 7 0 0 0 129632140
253 255 93 0 0 0 103 255 7 0 255 255 129726451
186 255 119 0 244 255 102 255 7 0 255 255 129824573
119 255 134 0 12 0 101 255 8 0 255 255 129918932
32 255 210 0 0 0 100 255 9 0 255 255 130036607
254 254 14 1 223 255 99 255 9 0 254 255 130111361
70 255 7 1 165 255 98 255 9 0 254 255 130205641
129 255 9 1 184 255 98 255 8 0 255 255 130303930
201 255 233 0 173 255 98 255 8 0 255 255 130402294
92 0 199 0 204 255 98 255 7 0 255 255 130496369
185 0 187 0 246 255 98 255 7 0 255 255 130590767
241 0 133 0 23 0 99 255 7 0 0 0 130713414
193 0 99 0 161 0 100 255 6 0 0 0 130783232
200 0 151 0 49 0 101 255 7 0 0 0 130881465
74 0 152 0 12 0 101 255 7 0 0 0 130971612
197 255 175 0 192 255 103 255 7 0 0 0 131170193
117 255 188 0 201 255 103 255 8 0 0 0 131262398
56 255 89 0 221 255 103 255 8 0 0 0 131356759
109 255 82 0 219 255 105 255 8 0 0 0 131549187
151 255 20 0 181 255 105 255 7 0 0 0 131643383
240 255 246 255 167 255 106 255 7 0 0 0 131741774
128 0 208 255 206 255 106 255 6 0 0 0 131867283
218 0 235 255 27 0 107 255 6 0 0 0 131934225
7 1 51 0 93 0 107 255 6 0 0 0 132028494
240 0 120 0 186 0 106 255 6 0 0 0 132126684
179 0 130 0 115 0 105 255 6 0 0 0 132220943
112 0 119 0 75 0 104 255 7 0 0 0 132330407
206 255 147 0 31 0 103 255 7 0 0 0 132413414
84 255 123 0 185 255 102 255 8 0 0 0 132551872
33 255 76 0 153 255 102 255 9 0 0 0 132605966
9 255 35 0 211 255 102 255 9 0 0 0 132700289
196 254 66 0 11 0 101 255 9 0 0 0 132798527
237 254 120 0 144 255 101 255 9 0 1 0 132892744
226 255 100 0 156 255 101 255 8 0 1 0 133085356
108 0 132 0 182 255 100 255 7 0 1 0 133179492
242 0 128 0 0 0 100 255 6 0 1 0 133277806
203 0 96 0 121 0 100 255 7 0 0 0 133371982
89 0 105 0 119 0 101 255 8 0 0 0 133469211
76 0 139 0 148 0 102 255 8 0 1 0 133564519
133 0 195 0 229 255 102 255 8 0 0 0 133691390
52 0 174 0 23 0 103 255 8 0 0 0 133753019
50 0 96 0 228 255 104 255 8 0 1 0 133851277
183 255 92 0 232 255 105 255 8 0 1 0 133949585
97 255 96 0 226 255 105 255 8 0 1 0 134043803
224 254 86 0 249 255 106 255 9 0 1 0 134145943
185 254 40 0 234 255 107 255 10 0 1 0 134236324
25 255 27 0 169 255 107 255 9 0 2 0 134330710
150 255 56 0 162 255 107 255 9 0 2 0 134428834
248 255 15 0 10 0 107 255 8 0 2 0 134523009
128 0 12 0 245 255 108 255 8 0 2 0 134626437
164 0 29 0 27 0 107 255 8 0 2 0 134715604
159 0 61 0 11 0 107 255 8 0 2 0 134852634
81 0 26 0 58 0 106 255 9 0 1 0 134908044
20 0 39 0 129 0 105 255 8 0 1 0 135002317
69 0 60 0 245 255 105 255 8 0 0 0 135096563
45 0 108 0 51 0 104 255 7 0 0 0 135194863
51 0 88 0 210 255 103 255 7 0 0 0 135311052
27 0 60 0 1 0 103 255 7 0 0 0 135387366
246 255 35 0 130 255 102 255 7 0 0 0 135481653
148 255 22 0 4 0 101 255 7 0 1 0 135575766
98 255 137 0 44 0 99 255 8 0 1 0 135771658
148 255 159 0 245 255 99 255 8 0 1 0 135866656
218 255 124 0 237 255 98 255 8 0 1 0 136006370
225 255 71 0 252 255 98 255 7 0 1 0 136055131
254 255 80 0 15 0 98 255 7 0 1 0 136153422
26 0 118 0 221 255 99 255 8 0 0 0 136247583
94 0 117 0 233 255 100 255 7 0 0 0 136345890
131 0 88 0 84 0 101 255 6 0 0 0 136450140
171 0 118 0 30 0 102 255 6 0 0 0 136538447
102 0 83 0 67 0 103 255 6 0 0 0 136632569
92 0 101 0 254 255 104 255 6 0 0 0 136726795
181 255 27 0 224 255 105 255 6 0 1 0 136825216
86 255 253 255 116 255 106 255 7 0 2 0 136926693
93 255 39 0 180 255 108 255 7 0 2 0 137017691
123 255 27 0 213 255 108 255 6 0 2 0 137158024
121 255 30 0 43 0 109 255 6 0 2 0 137206109
163 255 24 0 25 0 110 255 6 0 2 0 137304495
210 255 27 0 171 255 110 255 6 0 2 0 137398558
133 0 40 0 161 255 110 255 5 0 2 0 137613626
199 0 5 0 231 255 110 255 5 0 2 0 137685364
218 0 223 255 42 0 110 255 5 0 2 0 137783753
192 0 29 0 161 0 109 255 5 0 2 0 137877999
98 0 56 0 116 0 108 255 6 0 2 0 137976212
97 0 43 0 23 0 108 255 6 0 2 0 138073325
5 0 46 0 244 255 106 255 6 0 1 0 138168751
44 0 29 0 178 255 106 255 6 0 1 0 138263012
243 255 64 0 235 255 105 255 6 0 2 0 138357141
164 255 23 0 35 0 104 255 6 0 1 0 138455517
48 255 211 255 73 0 104 255 6 0 2 0 138549700
234 254 33 0 220 255 103 255 7 0 1 0 138643944
51 255 51 0 137 255 103 255 7 0 1 0 138770493
167 255 78 0 151 255 103 255 6 0 1 0 138840506
87 0 116 0 165 255 103 255 6 0 1 0 138934775
228 0 142 0 193 255 103 255 5 0 1 0 139028948
124 0 132 0 84 0 103 255 5 0 0 0 139127252
53 0 146 0 74 0 104 255 6 0 0 0 139236401
47 0 160 0 42 0 104 255 6 0 0 0 139315738
67 0 182 0 250 255 105 255 6 0 0 0 139413998
15 0 147 0 6 0 106 255 6 0 1 0 139508275
233 255 120 0 176 255 105 255 6 0 1 0 139700681
183 255 99 0 176 255 105 255 6 0 1 0 139798977
152 255 21 0 124 255 105 255 7 0 1 0 139916324
133 255 236 255 193 255 105 255 6 0 1 0 139987523
160 255 222 255 217 255 105 255 6 0 1 0 140085823
233 255 223 255 71 0 106 255 5 0 2 0 140179984
21 0 242 255 236 255 106 255 5 0 1 0 140274246
15 0 21 0 252 255 106 255 5 0 1 0 140372504
75 0 33 0 192 255 106 255 5 0 1 0 140466694
26 0 251 255 25 0 105 255 5 0 1 0 140601867
73 0 234 255 208 255 105 255 6 0 1 0 140659326
67 0 205 255 77 0 104 255 5 0 1 0 140757624
35 0 178 255 129 0 104 255 5 0 1 0 140851809
111 0 245 255 31 0 104 255 5 0 2 0 140946003
23 0 65 0 4 0 103 255 5 0 2 0 141072119
255 255 28 0 171 255 102 255 5 0 1 0 141138617
180 255 249 255 216 255 101 255 5 0 2 0 141236847
177 255 10 0 175 255 101 255 5 0 2 0 141331063
137 255 38 0 174 255 100 255 5 0 2 0 141425269
140 255 39 0 2 0 100 255 5 0 2 0 141523503
131 255 105 0 40 0 100 255 5 0 2 0 141617808
212 255 115 0 236 255 100 255 4 0 2 0 141744936
67 0 136 0 206 255 100 255 4 0 2 0 141810280
178 0 115 0 160 255 100 255 4 0 2 0 141908546
237 0 61 0 250 255 101 255 3 0 2 0 142002813
215 0 8 0 59 0 102 255 3 0 2 0 142097023
160 0 78 0 171 0 104 255 3 0 1 0 142214252
254 0 169 0 36 0 106 255 3 0 1 0 142289589
167 0 138 0 134 0 108 255 3 0 0 0 142387908
62 0 119 0 40 0 109 255 3 0 0 0 142482118
162 255 64 0 248 255 111 255 4 0 0 0 142580482
119 255 60 0 99 255 113 255 5 0 0 0 142797108
75 255 66 0 107 255 116 255 5 0 0 0 142797807
63 255 241 255 176 255 120 255 5 0 0 0 142884286
20 255 164 255 15 0 123 255 5 0 1 0 142961393
109 255 141 255 22 0 125 255 5 0 1 0 143059712
181 255 167 255 197 255 127 255 5 0 1 0 143153873
183 255 109 255 11 0 129 255 5 0 1 0 143248159
10 0 132 255 199 255 131 255 5 0 2 0 143347368
76 0 170 255 189 255 133 255 5 0 2 0 143440641
107 0 177 255 183 255 134 255 5 0 3 0 143575672
163 0 112 255 235 255 135 255 5 0 3 0 143633156
169 0 20 255 104 0 137 255 4 0 4 0 143727381
194 0 205 254 160 0 140 255 4 0 5 0 143825677
185 0 243 254 92 0 143 255 4 0 5 0 143919942
42 0 89 255 92 0 146 255 4 0 4 0 144041667
211 255 135 255 222 255 148 255 5 0 4 0 144112456
71 255 128 255 197 255 151 255 6 0 3 0 144206784
1 255 102 255 201 255 154 255 6 0 3 0 144300832
232 254 107 255 0 0 157 255 6 0 3 0 144399129
118 255 123 255 188 255 161 255 6 0 3 0 144497471
215 255 134 255 2 0 164 255 6 0 3 0 144591726
31 0 193 255 236 255 168 255 6 0 2 0 144712299
57 0 234 255 232 255 172 255 5 0 2 0 144784339
116 0 22 0 226 255 177 255 5 0 1 0 144878541
153 0 86 0 50 0 182 255 5 0 1 0 144976764
92 0 57 0 43 0 187 255 6 0 1 0 145070924
31 0 204 255 27 0 193 255 6 0 1 0 145184224
34 0 176 255 202 255 199 255 6 0 2 0 145263508
26 0 92 255 184 255 206 255 6 0 3 0 145357804
65 0 34 255 176 255 212 255 6 0 4 0 145456050
82 0 229 254 199 255 217 255 5 0 4 0 145550251
111 0 198 254 203 255 223 255 5 0 5 0 145644656
132 0 235 254 211 255 229 255 5 0 5 0 145742727
153 0 248 254 196 255 234 255 5 0 5 0 145861731
139 0 197 254 226 255 239 255 5 0 5 0 145935257
165 0 196 254 243 255 244 255 5 0 5 0 146029485
32 1 194 254 203 255 248 255 4 0 5 0 146127766
87 1 167 254 240 255 252 255 4 0 5 0 146221976
103 1 196 254 26 0 0 0 4 0 5 0 146318673
154 1 64 255 221 255 2 0 4 0 4 0 146414509
195 1 119 255 163 255 5 0 4 0 4 0 146556724
226 1 139 255 7 0 7 0 4 0 4 0 146607027
229 1 156 255 55 0 8 0 4 0 4 0 146701284
164 1 82 255 240 255 10 0 4 0 4 0 146799549
125 1 31 255 238 255 10 0 4 0 4 0 146893803
111 1 90 255 250 255 15 0 4 0 4 0 147017290
91 1 83 255 0 0 17 0 3 0 4 0 147086433
28 1 62 255 29 0 20 0 4 0 4 0 147180563
229 0 58 255 47 0 22 0 4 0 5 0 147274769
176 0 73 255 59 0 23 0 4 0 4 0 147372991
170 0 83 255 228 255 25 0 5 0 4 0 147478920
128 0 135 255 23 0 26 0 5 0 4 0 147565518
150 0 157 255 223 255 27 0 5 0 4 0 147700063
212 0 137 255 203 255 28 0 5 0 4 0 147754024
64 1 159 255 183 255 29 0 5 0 4 0 147852403
201 1 172 255 139 255 30 0 4 0 4 0 147946560
7 2 181 255 184 255 31 0 4 0 4 0 148044932
226 1 187 255 251 255 33 0 4 0 4 0 148157965
178 1 170 255 28 0 34 0 4 0 4 0 148237356
127 1 156 255 25 0 36 0 4 0 5 0 148331552
145 1 151 255 245 255 37 0 4 0 5 0 148425808
121 1 115 255 54 0 38 0 4 0 5 0 148524173
122 1 100 255 223 255 39 0 4 0 5 0 148622363
94 1 128 255 166 255 40 0 4 0 5 0 148712501
140 1 121 255 153 255 41 0 2 0 6 0 148837440
130 1 148 255 189 255 42 0 2 0 6 0 148909158
127 1 145 255 243 255 42 0 2 0 5 0 149003370
114 1 108 255 233 255 42 0 2 0 5 0 149097608
233 0 109 255 64 0 43 0 2 0 5 0 149195989
134 0 119 255 31 0 43 0 3 0 5 0 149315721
215 0 173 255 148 255 43 0 3 0 3 0 149388459
28 1 156 255 155 255 43 0 3 0 4 0 149482700
120 1 108 255 190 255 44 0 2 0 4 0 149580930
239 1 170 255 154 255 44 0 2 0 4 0 149675098
23 2 191 255 248 255 44 0 1 0 4 0 149769399
44 2 230 255 16 0 43 0 1 0 4 0 149863624
213 1 214 255 149 0 42 0 0 0 5 0 149995127
4 2 137 255 1 0 42 0 0 0 5 0 150056202
4 2 119 255 39 0 41 0 0 0 5 0 150154421
181 1 132 255 28 0 40 0 0 0 5 0 150248696
113 1 128 255 237 255 39 0 0 0 5 0 150346899
232 0 116 255 235 255 38 0 0 0 5 0 150469204
223 0 146 255 231 255 37 0 0 0 4 0 150539448
172 0 136 255 0 0 36 0 1 0 4 0 150633729
96 0 139 255 17 0 36 0 2 0 4 0 150727933
113 0 140 255 228 255 35 0 2 0 4 0 150826168
156 0 152 255 225 255 35 0 2 0 4 0 150925320
225 0 166 255 215 255 36 0 3 0 4 0 151014725
59 1 173 255 194 255 36 0 3 0 4 0 151140373
44 1 187 255 246 255 37 0 3 0 4 0 151207096
20 1 171 255 57 0 39 0 3 0 4 0 151305457
67 1 222 255 80 0 41 0 3 0 4 0 151399700
106 1 27 0 215 255 43 0 3 0 4 0 151498040
210 0 219 255 40 0 44 0 3 0 4 0 151618782
8 0 202 255 124 255 46 0 4 0 4 0 151686495
163 0 188 255 235 255 47 0 4 0 4 0 151784681
52 0 114 255 237 255 49 0 4 0 4 0 151878968
250 255 75 255 216 255 50 0 4 0 5 0 151977247
58 0 109 255 188 255 51 0 4 0 5 0 152078204
147 0 175 255 144 255 52 0 3 0 5 0 152165729
216 0 132 255 206 255 52 0 3 0 5 0 152304073
131 1 149 255 173 255 52 0 2 0 5 0 152358153
198 1 140 255 230 255 52 0 2 0 5 0 152456506
204 1 125 255 12 0 51 0 2 0 5 0 152550698
147 1 139 255 73 0 51 0 2 0 5 0 152648994
19 1 140 255 143 0 50 0 2 0 5 0 152763280
189 0 102 255 68 0 50 0 3 0 4 0 152837469
129 0 142 255 105 0 50 0 3 0 4 0 152935842
110 0 197 255 214 255 49 0 4 0 4 0 153030019
55 0 175 255 218 255 48 0 4 0 4 0 153128326
67 0 184 255 155 255 47 0 4 0 4 0 153222491
32 0 237 255 199 255 46 0 5 0 4 0 153320847
32 0 218 255 225 255 45 0 5 0 4 0 153457053
241 255 194 255 246 255 44 0 5 0 4 0 153509198
254 255 192 255 187 255 44 0 5 0 3 0 153603501
105 0 211 255 145 255 43 0 5 0 3 0 153701829
162 0 232 255 180 255 44 0 4 0 4 0 153800105
67 1 221 255 183 255 44 0 3 0 4 0 153915731
156 1 242 255 218 255 44 0 3 0 4 0 153988550
130 1 242 255 55 0 46 0 3 0 4 0 154086879
92 1 194 255 110 0 47 0 3 0 5 0 154181026
56 1 206 255 72 0 49 0 4 0 4 0 154275341
10 1 249 255 24 0 50 0 4 0 4 0 154373532
208 0 234 255 245 255 52 0 4 0 4 0 154467858
140 0 220 255 217 255 53 0 4 0 4 0 154594982
89 0 19 0 172 255 53 0 5 0 4 0 154660337
71 0 35 0 142 255 54 0 4 0 4 0 154754576
27 0 183 255 207 255 54 0 4 0 4 0 154852799
12 0 110 255 0 0 55 0 4 0 4 0 154947142
63 0 134 255 18 0 55 0 3 0 4 0 155056610
148 0 188 255 163 255 55 0 3 0 3 0 155139595
221 0 190 255 239 255 55 0 2 0 3 0 155277940
154 1 14 0 169 255 55 0 2 0 3 0 155332141
6 2 32 0 203 255 54 0 1 0 3 0 155426366
10 2 218 255 224 255 53 0 2 0 3 0 155524560
248 1 157 255 35 0 52 0 2 0 3 0 155618813
53 1 115 255 183 0 51 0 2 0 3 0 155739439
8 1 95 255 34 0 51 0 3 0 4 0 155811365
154 0 166 255 248 255 50 0 3 0 4 0 155909749
94 0 203 255 141 255 50 0 3 0 4 0 156003887
103 0 196 255 115 255 49 0 2 0 4 0 156098185
48 0 241 255 25 0 48 0 2 0 4 0 156290629
201 255 15 0 88 0 47 0 2 0 3 0 156431872
117 255 44 0 45 0 47 0 2 0 3 0 156483151
108 255 63 0 203 255 46 0 3 0 3 0 156577448
209 255 31 0 173 255 46 0 3 0 3 0 156675741
109 0 244 255 14 0 46 0 2 0 4 0 156769894
247 0 238 255 12 0 47 0 2 0 3 0 157018245
10 1 3 0 27 0 47 0 3 0 3 0 157018817
166 0 207 255 120 0 47 0 3 0 3 0 157056699
141 0 10 0 28 0 47 0 4 0 3 0 157154928
135 0 4 0 182 255 46 0 4 0 3 0 157249252
70 0 254 255 187 255 45 0 4 0 2 0 157347760
98 0 242 255 165 255 44 0 3 0 2 0 157441744
73 0 235 255 208 255 43 0 3 0 2 0 157568150
80 0 8 0 228 255 42 0 2 0 2 0 157634279
77 0 68 0 183 255 41 0 2 0 1 0 157732428
39 0 67 0 1 0 40 0 2 0 2 0 157826701
225 255 28 0 254 255 39 0 3 0 2 0 157920903
144 255 27 0 0 0 37 0 3 0 2 0 158028599
157 255 60 0 237 255 35 0 3 0 1 0 158113517
236 255 9 0 135 255 33 0 4 0 1 0 158211820
39 0 180 255 225 255 32 0 3 0 1 0 158305963
156 0 181 255 202 255 30 0 3 0 1 0 158400303
178 0 161 255 49 0 26 0 4 0 1 0 158494395
130 0 249 255 99 0 22 0 5 0 0 0 158592773
33 0 138 0 60 0 17 0 6 0 0 0 158719768
198 255 215 0 244 255 12 0 6 0 255 255 158781192
153 255 58 1 0 0 7 0 6 0 255 255 158879657
123 255 114 1 168 0 2 0 7 0 254 255 158973735
113 255 83 1 229 255 255 255 7 0 254 255 159072045
138 255 76 1 180 255 250 255 8 0 255 255 159188362
137 255 55 1 220 255 245 255 8 0 254 255 159264515
179 255 63 1 214 255 239 255 8 0 254 255 159358812
220 255 112 1 223 255 234 255 8 0 253 255 159452984
239 255 155 1 25 0 228 255 8 0 252 255 159551293
61 0 223 1 5 0 223 255 8 0 252 255 159647972
120 0 19 2 17 0 218 255 7 0 252 255 159743735
187 0 1 2 205 255 213 255 7 0 252 255 159868598
171 0 248 1 21 0 208 255 7 0 252 255 159936292
131 0 203 1 227 255 202 255 8 0 252 255 160030598
88 0 163 1 247 255 197 255 8 0 252 255 160124695
0 0 129 1 11 0 193 255 8 0 252 255 160223047
233 255 112 1 20 0 187 255 8 0 252 255 160333221
10 0 254 0 255 255 182 255 8 0 252 255 160415572
4 0 28 1 119 0 177 255 8 0 251 255 160509871
21 0 125 1 128 0 172 255 8 0 250 255 160604003
252 255 200 1 32 0 166 255 8 0 249 255 160702251
239 255 8 2 79 0 162 255 7 0 249 255 160796558
234 255 86 2 41 0 157 255 7 0 249 255 160894816
214 255 76 2 56 0 152 255 7 0 249 255 161025758
247 255 72 2 3 0 147 255 7 0 249 255 161087353
47 0 244 1 20 0 142 255 6 0 250 255 161181593
37 0 168 1 225 255 137 255 7 0 251 255 161279798
34 0 124 1 204 255 132 255 7 0 251 255 161374166
88 0 121 1 161 255 127 255 7 0 251 255 161496633
178 0 97 1 186 255 123 255 6 0 252 255 161566645
240 0 84 1 227 255 118 255 6 0 252 255 161660916
10 1 56 1 233 255 113 255 6 0 252 255 161759167
145 0 60 1 163 0 107 255 6 0 252 255 161853403
135 0 127 1 169 255 101 255 7 0 251 255 161961880
68 0 165 1 47 0 96 255 6 0 252 255 162045920
110 0 163 1 214 255 92 255 6 0 251 255 162177804
105 0 186 1 230 255 87 255 6 0 252 255 162234336
154 0 216 1 0 0 82 255 6 0 252 255 162332619
191 0 241 1 19 0 77 255 6 0 252 255 162426826
192 0 12 2 47 0 71 255 6 0 251 255 162525168
171 0 20 2 239 255 65 255 6 0 251 255 162635911
181 0 27 2 238 255 59 255 5 0 251 255 162717757
206 0 234 1 234 255 52 255 5 0 251 255 162812025
202 0 193 1 10 0 45 255 5 0 251 255 162906106
226 0 179 1 244 255 38 255 5 0 251 255 163004372
235 0 203 1 241 255 32 255 5 0 251 255 163098560
245 0 225 1 21 0 25 255 5 0 251 255 163192894
221 0 247 1 230 255 18 255 5 0 251 255 163327686
173 0 36 2 218 255 12 255 5 0 250 255 163389426
228 0 47 2 187 255 6 255 5 0 250 255 163483768
78 1 27 2 236 255 255 254 5 0 251 255 163577861
170 1 7 2 250 255 250 254 5 0 252 255 163676278
157 1 29 2 56 0 243 254 5 0 252 255 163788839
90 1 206 1 174 255 237 254 6 0 252 255 163868673
86 1 119 1 199 255 231 254 7 0 253 255 163962928
100 1 104 1 254 255 225 254 6 0 253 255 164057075
94 1 75 1 21 0 219 254 7 0 253 255 164155513
54 1 60 1 241 255 214 254 7 0 252 255 164260578
251 0 68 1 55 0 209 254 7 0 252 255 164343983
0 1 41 1 11 0 205 254 8 0 252 255 164472714
254 0 59 1 15 0 202 254 8 0 253 255 164536428
215 0 97 1 217 255 57 1 8 0 252 255 164634746
3 1 103 1 173 255 54 1 8 0 252 255 164728940
216 0 75 1 228 255 50 1 8 0 252 255 164827177
168 0 37 1 191 255 47 1 8 0 252 255 164933364
174 0 225 0 205 255 44 1 8 0 253 255 165019717
235 0 247 0 215 255 41 1 7 0 253 255 165114023
114 1 221 0 143 255 37 1 7 0 253 255 165208354
218 1 204 0 136 255 34 1 6 0 252 255 165306536
81 2 174 0 178 255 32 1 6 0 252 255 165400714
81 2 142 0 19 0 30 1 6 0 253 255 165499022
35 2 180 0 223 255 28 1 7 0 253 255 165609642
197 1 235 0 32 0 26 1 7 0 253 255 165687555
197 1 173 0 186 255 25 1 9 0 254 255 165781795
34 1 166 0 160 0 23 1 9 0 255 255 165880017
240 0 179 0 201 255 22 1 10 0 254 255 165974356
145 0 229 0 222 255 20 1 10 0 254 255 166072469
141 0 227 0 86 255 19 1 9 0 254 255 166166768
141 0 146 0 11 0 18 1 8 0 255 255 166285605
221 0 5 1 17 0 17 1 8 0 254 255 166359259
250 0 118 1 187 255 16 1 8 0 253 255 166457581
4 1 67 1 215 255 15 1 8 0 253 255 166551796
75 1 56 1 149 255 15 1 9 0 253 255 166650162
163 1 53 1 187 255 15 1 9 0 253 255 166744239
147 1 28 1 27 0 15 1 9 0 253 255 166838521
62 1 243 0 0 0 15 1 10 0 253 255 166975713
53 1 2 1 67 0 16 1 10 0 253 255 167031120
109 1 121 1 162 255 16 1 9 0 252 255 167129299
39 1 66 1 0 0 17 1 8 0 252 255 167223620
52 1 10 1 173 255 17 1 8 0 252 255 167317876
193 0 225 0 233 255 18 1 8 0 253 255 167441323
148 0 207 0 216 255 18 1 8 0 253 255 167510351
77 0 135 0 187 255 18 1 8 0 254 255 167608629
121 0 143 0 158 255 19 1 8 0 254 255 167702831
227 0 148 0 236 255 18 1 7 0 254 255 167797095
83 1 102 0 186 255 18 1 7 0 254 255 167903883
119 1 124 0 228 255 17 1 7 0 254 255 167989675
226 1 156 0 159 255 17 1 7 0 254 255 168122842
223 1 101 0 213 255 16 1 7 0 255 255 168182128
135 1 106 0 153 0 15 1 8 0 254 255 168276455
93 1 88 0 77 0 15 1 8 0 255 255 168374644
23 1 131 0 125 0 14 1 8 0 255 255 168468915
225 0 23 1 23 0 10 1 9 0 254 255 168579896
107 0 67 1 164 255 12 1 9 0 253 255 168661382
75 0 228 0 159 255 12 1 9 0 254 255 168794315
43 0 253 0 250 255 10 1 9 0 254 255 168853926
161 255 25 1 50 0 9 1 10 0 254 255 168948262
197 255 220 0 15 0 9 1 9 0 254 255 169046350
11 0 217 0 246 255 9 1 10 0 255 255 169140649
101 0 213 0 210 255 9 1 9 0 255 255 169258010
30 1 175 0 183 255 9 1 9 0 255 255 169333146
121 1 161 0 217 255 10 1 9 0 255 255 169427364
139 1 184 0 45 0 11 1 8 0 255 255 169525769
126 1 246 0 78 0 11 1 8 0 255 255 169619988
64 1 225 0 20 0 12 1 8 0 255 255 169718107
218 0 154 0 236 255 10 1 8 0 255 255 169812398
162 0 117 0 183 255 14 1 8 0 0 0 169947540
99 0 116 0 118 255 15 1 8 0 0 0 170004935
11 0 56 0 212 255 16 1 8 0 0 0 170099184
47 0 247 255 219 255 17 1 8 0 0 0 170193377
92 0 0 0 207 255 18 1 7 0 0 0 170291763
171 0 9 0 113 255 19 1 7 0 0 0 170410142
48 1 20 0 135 255 19 1 6 0 0 0 170484204
198 1 85 0 176 255 19 1 4 0 1 0 170578445
247 1 76 0 228 255 18 1 4 0 1 0 170676755
168 1 100 0 64 0 17 1 5 0 1 0 170770954
8 1 110 0 192 0 16 1 4 0 1 0 170869193
16 1 88 0 0 0 15 1 5 0 1 0 170963487
235 0 49 0 26 0 14 1 4 0 1 0 171092380
222 0 75 0 199 255 10 1 4 0 2 0 171156039
201 0 65 0 181 255 10 1 4 0 2 0 171250252
140 0 52 0 240 255 12 1 3 0 2 0 171348474
108 0 84 0 181 255 11 1 4 0 2 0 171442656
54 0 123 0 2 0 10 1 4 0 3 0 171552238
135 0 160 0 238 255 9 1 4 0 2 0 171635259
102 0 168 0 254 255 8 1 4 0 2 0 171729540
116 0 143 0 201 255 8 1 5 0 2 0 171912388
172 0 169 0 207 255 8 1 5 0 2 0 171921989
196 0 109 0 200 255 8 1 5 0 2 0 172020344
203 0 97 0 109 0 8 1 4 0 2 0 172114535
70 1 208 0 203 255 9 1 4 0 2 0 172243787
17 1 172 0 5 0 9 1 4 0 1 0 172307142
56 1 142 0 3 0 9 1 4 0 1 0 172401251
57 1 138 0 27 0 10 1 3 0 1 0 172495445
8 1 188 0 239 255 10 1 3 0 0 0 172593733
184 0 223 0 197 255 11 1 4 0 0 0 172707682
106 0 217 0 215 255 11 1 4 0 0 0 172786302
75 0 165 0 234 255 11 1 5 0 0 0 172919760
226 255 139 0 49 0 11 1 5 0 0 0 172974754
249 255 152 0 217 255 10 1 6 0 0 0 173073084
21 0 161 0 169 255 10 1 6 0 0 0 173167245
66 0 133 0 0 0 9 1 6 0 0 0 173265609
123 0 176 0 179 255 7 1 6 0 0 0 173381885
223 0 208 0 160 255 5 1 6 0 0 0 173453970
22 1 177 0 215 255 2 1 6 0 0 0 173552304
52 1 152 0 69 0 255 1 6 0 0 0 173646549
7 1 255 0 149 0 250 0 5 0 255 255 173744843
200 0 244 0 66 0 246 0 5 0 255 255 173844051
91 0 189 0 74 0 242 0 6 0 255 255 173937357
15 0 218 0 224 255 237 0 6 0 255 255 174031547
0 0 245 0 189 255 233 0 6 0 255 255 174129845
29 0 37 1 144 255 228 0 6 0 254 255 174224129
39 0 45 1 159 255 224 0 6 0 254 255 174322172
17 0 3 1 232 255 219 0 6 0 254 255 174416558
192 255 254 0 15 0 215 0 7 0 254 255 174532999
113 255 38 1 82 0 211 0 8 0 254 255 174605062
105 255 128 1 10 0 206 0 9 0 253 255 174703350
172 255 133 1 194 255 203 0 9 0 254 255 174797516
14 0 119 1 182 255 199 0 9 0 254 255 174895978
84 0 46 1 249 255 195 0 9 0 254 255 174998119
126 0 209 0 53 0 191 0 9 0 254 255 175084359
158 0 12 1 188 255 187 0 10 0 254 255 175219416
119 0 67 1 15 0 183 0 9 0 253 255 175276929
112 0 14 1 71 0 179 0 9 0 253 255 175375149
211 0 29 1 232 255 175 0 8 0 252 255 175473417
137 0 54 1 40 0 171 0 8 0 251 255 175563562
71 0 57 1 210 255 167 0 8 0 250 255 175678026
238 255 24 1 207 255 164 0 8 0 251 255 175760128
244 255 61 1 0 0 162 0 8 0 250 255 175854408
66 0 167 1 91 0 160 0 8 0 251 255 175952749
4 0 163 1 118 0 158 0 8 0 252 255 176042909
255 255 104 1 242 255 156 0 9 0 253 255 176141111
220 255 102 1 188 255 153 0 10 0 253 255 176239432
15 0 38 1 182 255 150 0 10 0 254 255 176354410
90 0 10 1 162 255 147 0 9 0 254 255 176427904
166 0 0 1 208 255 144 0 9 0 255 255 176526176
236 0 14 1 204 255 140 0 9 0 255 255 176620409
220 0 21 1 70 0 136 0 9 0 255 255 176714650
233 0 22 1 0 0 132 0 9 0 254 255 176830168
173 0 226 0 49 0 129 0 8 0 253 255 176911184
160 0 10 1 9 0 125 0 8 0 253 255 177005443
186 0 7 1 216 255 123 0 8 0 253 255 177099767
140 0 235 0 246 255 120 0 8 0 253 255 177197971
134 0 23 1 232 255 117 0 8 0 253 255 177292184
103 0 96 1 247 255 114 0 8 0 253 255 177386416
85 0 240 1 204 255 110 0 8 0 252 255 177510960
254 255 77 2 77 0 107 0 9 0 252 255 177578870
212 255 121 2 26 0 103 0 9 0 251 255 177677256
64 0 2 2 156 255 100 0 9 0 252 255 177771466
161 0 149 1 127 255 98 0 9 0 252 255 177869747
237 0 120 1 134 255 96 0 9 0 253 255 177963959
60 1 102 1 250 255 94 0 8 0 253 255 178058307
26 1 41 1 67 0 93 0 8 0 253 255 178192331
41 1 71 1 61 0 93 0 8 0 254 255 178250738
250 0 126 1 77 0 92 0 8 0 253 255 178344938
203 0 134 1 204 255 92 0 8 0 253 255 178443288
91 0 90 1 212 255 91 0 8 0 253 255 178541589
205 255 46 1 168 255 91 0 9 0 254 255 178653342
123 255 17 1 253 255 91 0 9 0 254 255 178730013
98 255 205 0 12 0 91 0 10 0 255 255 178866487
250 255 161 0 181 255 90 0 9 0 0 0 178922491
135 0 86 0 198 255 90 0 9 0 0 0 179016846
2 1 118 0 221 255 90 0 8 0 1 0 179114980
105 1 185 0 244 255 87 0 8 0 0 0 179324539
46 1 237 0 129 0 86 0 9 0 0 0 179401848
168 0 1 1 100 0 84 0 9 0 0 0 179496067
128 0 187 0 90 0 84 0 9 0 0 0 179594301
140 0 10 1 17 0 83 0 9 0 0 0 179688523
92 0 47 1 223 255 81 0 9 0 0 0 179786798
41 0 14 1 121 255 80 0 10 0 0 0 179881156
253 255 150 0 131 255 80 0 10 0 0 0 180001646
208 255 102 0 8 0 80 0 9 0 1 0 180073545
152 255 0 1 77 0 79 0 9 0 0 0 180167854
164 255 49 1 234 255 79 0 9 0 255 255 180266069
220 255 122 1 209 255 80 0 9 0 254 255 180360307
36 0 177 1 190 255 80 0 9 0 254 255 180461612
129 0 124 1 244 255 81 0 9 0 254 255 180552879
228 0 88 1 28 0 82 0 9 0 254 255 180647219
21 1 109 1 180 0 82 0 8 0 254 255 180745427
2 1 217 1 7 0 82 0 9 0 253 255 180839546
175 0 198 1 228 255 82 0 9 0 253 255 180937919
145 0 92 1 185 255 82 0 9 0 253 255 181032113
203 255 41 1 241 255 80 0 9 0 254 255 181224681
159 255 202 0 239 255 80 0 9 0 254 255 181318911
219 255 118 0 197 255 81 0 9 0 255 255 181417203
7 0 153 0 216 255 81 0 9 0 255 255 181511374
56 0 98 0 239 255 81 0 8 0 255 255 181605491
169 0 145 0 135 255 82 0 8 0 255 255 181703925
21 1 194 0 123 255 82 0 7 0 255 255 181837324
52 1 185 0 233 255 81 0 7 0 255 255 181896361
29 1 157 0 59 0 81 0 6 0 0 0 181990707
245 0 134 0 135 0 80 0 5 0 0 0 182088947
243 0 200 0 10 0 80 0 5 0 255 255 182183249
96 0 229 0 228 255 79 0 5 0 255 255 182375776
59 0 218 0 172 255 79 0 6 0 255 255 182469928
11 0 188 0 250 255 79 0 5 0 0 0 182568174
210 255 208 0 24 0 78 0 6 0 255 255 182662404
137 255 2 1 15 0 78 0 7 0 255 255 182763015
151 255 206 0 230 255 78 0 8 0 0 0 182854938
240 255 154 0 167 255 79 0 8 0 0 0 182983230
88 0 169 0 189 255 79 0 7 0 0 0 183047388
159 0 191 0 213 255 79 0 7 0 0 0 183141809
182 0 232 0 31 0 79 0 8 0 0 0 183239966
164 0 254 0 144 0 80 0 7 0 0 0 183334195
189 0 59 1 207 255 79 0 7 0 0 0 183442953
125 0 211 0 215 255 79 0 7 0 0 0 183526837
129 0 163 0 186 255 80 0 7 0 0 0 183621021
66 0 148 0 251 255 80 0 7 0 0 0 183719270
41 0 181 0 184 255 80 0 7 0 0 0 183813382
227 255 168 0 230 255 80 0 8 0 0 0 183907758
201 255 102 0 232 255 81 0 8 0 0 0 184005924
7 0 139 0 59 0 81 0 8 0 0 0 184129822
249 255 158 0 10 0 81 0 8 0 0 0 184198523
22 0 141 0 152 255 81 0 8 0 0 0 184292758
219 0 165 0 18 255 80 0 8 0 0 0 184386966
111 1 137 0 172 255 78 0 7 0 0 0 184485188
85 1 86 0 177 0 77 0 6 0 0 0 184579417
211 0 82 0 175 0 76 0 7 0 1 0 184677731
19 0 16 0 69 0 76 0 8 0 1 0 184810107
204 255 29 0 19 0 76 0 8 0 2 0 184866270
168 255 138 0 198 255 75 0 8 0 1 0 184964504
135 255 197 0 167 255 74 0 7 0 1 0 185058736
94 255 137 0 49 0 73 0 7 0 1 0 185156976
114 255 181 0 21 0 73 0 8 0 1 0 185251141
120 255 244 0 29 0 72 0 8 0 1 0 185345566
218 255 205 0 203 255 72 0 8 0 0 0 185443802
26 0 213 0 242 255 73 0 7 0 0 0 185542048
125 0 255 0 174 255 73 0 7 0 0 0 185632188
140 0 47 1 243 255 74 0 7 0 0 0 185730534
158 0 54 1 0 0 75 0 7 0 0 0 185824758
176 0 63 1 35 0 75 0 7 0 0 0 185952784
134 0 241 0 21 0 76 0 6 0 0 0 186017269
88 0 189 0 240 255 76 0 7 0 0 0 186115587
76 0 200 0 164 255 77 0 7 0 0 0 186209830
64 0 148 0 109 255 77 0 6 0 0 0 186308110
99 0 80 0 156 255 78 0 6 0 0 0 186538624
95 0 105 0 5 0 78 0 6 0 0 0 186539267
250 255 56 0 22 0 79 0 6 0 0 0 186624291
195 255 25 0 4 0 79 0 7 0 0 0 186689017
238 255 64 0 178 255 80 0 7 0 0 0 186787331
255 255 55 0 186 255 80 0 7 0 0 0 186881584
125 0 167 0 113 255 81 0 7 0 1 0 186975811
226 0 155 0 157 255 80 0 7 0 1 0 187089298
241 0 117 0 254 255 79 0 7 0 1 0 187172413
237 0 144 0 65 0 78 0 8 0 1 0 187266682
128 0 90 0 91 0 76 0 7 0 0 0 187360803
98 0 94 0 11 0 75 0 8 0 0 0 187455039
1 0 99 0 23 0 73 0 8 0 0 0 187553351
236 255 129 0 181 255 72 0 8 0 0 0 187651719
211 255 194 0 176 255 70 0 8 0 0 0 187785858
222 255 220 0 210 255 68 0 7 0 0 0 187840073
170 255 228 0 14 0 66 0 8 0 0 0 187938416
96 255 180 0 60 0 64 0 8 0 0 0 188032622
132 255 121 0 1 0 63 0 8 0 0 0 188126914
169 255 176 0 5 0 62 0 8 0 0 0 188239973
177 0 149 0 225 255 62 0 7 0 0 0 188417566
9 1 166 0 236 255 62 0 7 0 0 0 188511843
163 0 208 0 113 0 62 0 7 0 0 0 188610207
106 0 43 1 39 0 62 0 7 0 255 255 188704379
22 0 39 1 230 255 61 0 7 0 255 255 188798730
161 255 10 1 228 255 61 0 8 0 255 255 188923274
111 255 3 1 209 255 60 0 8 0 255 255 188991146
47 255 10 1 241 255 59 0 8 0 255 255 189085349
246 254 38 1 22 0 58 0 9 0 255 255 189183650
187 254 52 1 73 0 56 0 9 0 255 255 189277819
1 255 20 1 225 255 54 0 10 0 255 255 189390411
110 255 240 1 156 255 51 0 10 0 255 255 189470427
202 255 154 0 233 255 49 0 9 0 0 0 189599738
127 0 166 0 195 255 45 0 8 0 0 0 189662947
214 0 169 0 245 255 42 0 7 0 0 0 189757160
241 0 138 0 12 0 37 0 7 0 0 0 189855430
159 0 185 0 196 0 31 0 7 0 0 0 189949818
152 0 61 1 221 255 25 0 8 0 255 255 190078049
237 255 56 1 168 0 19 0 7 0 254 255 190142201
240 255 55 1 254 255 14 0 7 0 254 255 190236469
147 255 92 1 218 255 10 0 8 0 254 255 190334722
165 255 120 1 151 255 5 0 8 0 253 255 190428885
218 255 116 1 135 255 1 0 7 0 253 255 190527164
11 0 136 1 153 255 253 255 7 0 253 255 190621477
81 0 134 1 150 255 248 255 6 0 253 255 190759273
119 0 175 1 219 255 242 255 5 0 253 255 190813977
74 0 205 1 42 255 237 255 6 0 252 255 190908223
52 0 58 2 23 0 232 255 6 0 252 255 191006526
47 0 114 2 9 0 227 255 6 0 252 255 191100907
152 0 36 2 191 255 223 255 6 0 252 255 191227623
149 0 208 1 239 255 219 255 5 0 252 255 191293241
32 1 115 1 150 255 215 255 5 0 252 255 191391498
167 1 71 1 211 255 211 255 5 0 252 255 191485762
4 1 165 1 201 0 208 255 6 0 251 255 191579995
128 0 231 1 216 0 205 255 6 0 251 255 191678862
178 0 100 2 60 0 201 255 6 0 250 255 191772625
177 0 138 2 198 255 197 255 6 0 250 255 191896263
142 0 116 2 242 255 193 255 5 0 249 255 191965008
176 0 124 2 8 0 189 255 4 0 249 255 192059257
187 0 90 2 51 0 185 255 4 0 249 255 192157580
136 0 8 2 44 0 181 255 4 0 250 255 192251810
45 0 216 1 35 0 179 255 4 0 250 255 192355332
65 0 189 1 197 255 176 255 5 0 251 255 192444270
101 0 150 1 219 255 173 255 5 0 251 255 192538585
192 0 98 1 157 255 170 255 5 0 252 255 192632871
236 0 72 1 252 255 167 255 5 0 252 255 192731033
243 0 78 1 178 255 164 255 5 0 251 255 192829277
33 1 120 1 222 255 161 255 6 0 251 255 192923530
74 1 140 1 244 255 158 255 6 0 252 255 193048312
26 1 133 1 67 0 155 255 6 0 252 255 193116077
215 0 48 1 77 0 152 255 6 0 252 255 193210353
193 0 91 1 246 255 150 255 6 0 252 255 193308527
138 0 130 1 176 255 148 255 6 0 252 255 193402825
201 0 129 1 87 255 147 255 6 0 252 255 193504002
235 0 123 1 227 255 145 255 5 0 253 255 193595425
204 0 78 1 54 0 143 255 5 0 254 255 193733524
146 0 120 1 57 0 140 255 5 0 254 255 193787850
92 0 175 1 254 255 137 255 6 0 254 255 193882086
32 0 123 1 0 0 134 255 6 0 254 255 193980347
74 0 53 1 224 255 132 255 6 0 254 255 194074724
149 0 44 1 212 255 131 255 7 0 254 255 194196988
229 0 132 1 235 255 132 255 8 0 254 255 194361368
249 0 135 1 242 255 132 255 7 0 254 255 194455556
69 1 192 1 173 255 133 255 7 0 254 255 194553830
20 1 160 1 203 255 132 255 6 0 253 255 194648077
51 1 178 1 185 255 132 255 5 0 253 255 194746484
28 1 159 1 130 255 131 255 5 0 252 255 194868629
1 1 50 1 181 255 132 255 4 0 253 255 194934847
155 0 65 1 216 255 132 255 4 0 254 255 195033149
84 0 22 1 168 255 132 255 5 0 254 255 195127419
62 0 205 0 35 0 132 255 4 0 254 255 195225665
97 0 217 0 34 0 132 255 4 0 255 255 195319800
152 0 203 0 221 255 132 255 4 0 255 255 195418236
243 0 203 0 149 255 132 255 3 0 255 255 195544383
109 1 230 0 180 255 131 255 3 0 255 255 195606561
132 1 173 0 83 0 131 255 2 0 255 255 195704869
150 1 238 0 32 0 130 255 3 0 0 0 195799163
62 1 17 1 125 0 129 255 2 0 0 0 195893379
251 0 244 0 33 0 128 255 3 0 255 255 196003297
56 0 184 0 179 255 125 255 4 0 255 255 196184259
0 0 132 0 160 255 125 255 4 0 0 0 196278448
216 255 153 0 198 255 124 255 5 0 0 0 196376733
205 255 197 0 0 0 124 255 5 0 0 0 196470926
236 255 184 0 11 0 125 255 5 0 0 0 196565194
70 0 174 0 197 255 125 255 4 0 0 0 196691840
142 0 239 0 250 255 126 255 4 0 0 0 196757703
231 0 32 1 226 255 127 255 4 0 0 0 196855986
46 1 35 1 232 255 128 255 4 0 0 0 196950203
91 1 59 1 237 255 129 255 4 0 0 0 197044412
92 1 61 1 100 0 131 255 3 0 255 255 197152756
118 1 138 1 244 255 131 255 4 0 255 255 197241064
4 1 55 1 42 0 133 255 3 0 255 255 197335194
0 1 75 1 207 255 134 255 4 0 255 255 197429457
128 0 92 1 215 255 135 255 4 0 255 255 197523874
48 0 77 1 163 255 135 255 5 0 255 255 197621909
252 255 3 1 156 255 135 255 5 0 255 255 197720323
196 255 140 0 217 255 136 255 5 0 0 0 197842750
247 255 135 0 236 255 136 255 4 0 0 0 197908726
91 0 173 0 151 255 136 255 5 0 0 0 198007025
162 0 154 0 236 255 136 255 4 0 0 0 198101206
37 1 209 0 227 255 135 255 4 0 0 0 198195562
114 1 210 0 237 255 135 255 4 0 0 0 198296879
98 1 207 0 23 0 134 255 4 0 0 0 198388048
248 0 190 0 159 0 133 255 4 0 0 0 198518375
32 1 134 0 4 0 132 255 4 0 0 0 198580567
195 0 86 0 69 0 132 255 4 0 0 0 198678800
136 0 140 0 1 0 131 255 5 0 0 0 198772957
44 0 118 0 194 255 131 255 5 0 0 0 198867288
179 255 105 0 236 255 130 255 5 0 0 0 198984391
74 255 173 0 234 255 129 255 5 0 0 0 199059844
89 255 197 0 199 255 129 255 6 0 0 0 199158098
181 255 124 0 10 0 129 255 5 0 0 0 199252358
11 0 128 0 56 0 130 255 6 0 0 0 199346524
32 0 173 0 46 0 130 255 6 0 0 0 199444823
68 0 208 0 177 255 131 255 6 0 0 0 199543084
135 0 207 0 166 255 132 255 6 0 0 0 199674108
0 1 206 0 190 255 133 255 6 0 0 0 199731600
39 1 176 0 32 0 134 255 6 0 0 0 199825713
42 1 250 0 74 0 136 255 6 0 1 0 199924038
251 0 41 1 237 255 138 255 6 0 1 0 200018374
90 0 150 0 249 255 139 255 6 0 1 0 200132042
132 0 108 0 219 255 141 255 6 0 1 0 200210820
20 0 71 0 187 255 142 255 7 0 1 0 200309095
155 255 122 0 97 255 144 255 7 0 0 0 200403322
66 255 108 0 204 255 145 255 6 0 0 0 200501620
91 255 77 0 167 255 146 255 6 0 0 0 200595974
149 255 25 0 29 0 147 255 5 0 0 0 200690133
12 0 76 0 211 255 148 255 5 0 0 0 200810827
116 0 122 0 233 255 148 255 5 0 0 0 200882590
197 0 128 0 1 0 148 255 4 0 0 0 200980843
34 1 87 0 7 0 148 255 4 0 0 0 201177185
87 1 97 0 47 0 148 255 5 0 0 0 201177755
31 1 51 0 121 0 147 255 5 0 0 0 201267598
1 1 118 0 42 0 147 255 5 0 0 0 201361933
186 0 174 0 75 0 148 255 4 0 0 0 201496830
80 0 169 0 20 0 148 255 5 0 0 0 201554362
221 255 76 0 201 255 149 255 5 0 0 0 201648645
120 255 27 0 217 255 150 255 5 0 0 0 201746879
76 255 215 255 191 255 152 255 6 0 0 0 201841185
16 255 232 255 36 0 154 255 6 0 0 0 201958279
241 254 249 255 20 0 156 255 6 0 0 0 202033670
202 254 204 255 241 255 159 255 7 0 1 0 202127907
49 255 175 255 224 255 162 255 7 0 1 0 202226161
127 255 127 255 41 0 165 255 7 0 1 0 202320503
221 255 151 255 108 0 169 255 7 0 2 0 202418678
10 0 0 0 49 0 173 255 7 0 2 0 202512903
45 0 252 255 219 255 178 255 8 0 2 0 202641191
148 0 181 255 189 255 183 255 8 0 3 0 202705485
122 0 165 255 45 0 190 255 7 0 3 0 202799674
243 255 24 0 135 0 196 255 8 0 3 0 202897914
251 255 52 0 236 255 202 255 9 0 3 0 202992176
191 255 176 255 193 255 209 255 8 0 4 0 203092631
172 255 72 255 196 255 215 255 8 0 4 0 203184754
242 255 191 254 182 255 222 255 7 0 4 0 203278919
17 0 153 254 6 0 230 255 6 0 5 0 203377268
22 0 29 255 236 255 238 255 7 0 5 0 203471498
201 255 73 255 1 0 246 255 7 0 5 0 203569723
201 255 102 255 168 255 253 255 8 0 5 0 203663967
210 255 46 255 207 255 4 0 7 0 6 0 203772828
202 255 208 254 20 0 11 0 7 0 7 0 203856573
179 255 121 254 40 0 19 0 8 0 7 0 203950728
66 0 168 254 178 255 26 0 9 0 6 0 204049000
191 0 248 254 199 255 33 0 8 0 6 0 204143346
80 1 30 255 221 255 40 0 7 0 5 0 204241516
156 1 107 255 68 0 46 0 7 0 5 0 204335714
193 1 201 255 53 0 52 0 7 0 5 0 204472333
193 1 35 0 152 255 56 0 8 0 4 0 204524204
168 1 0 0 138 255 59 0 7 0 4 0 204622549
203 1 211 255 58 255 62 0 7 0 4 0 204716799
212 1 222 255 157 255 66 0 5 0 4 0 204815088
242 1 21 0 73 255 68 0 4 0 4 0 204909190
18 2 12 0 107 255 71 0 3 0 4 0 205007635
83 2 254 255 137 255 72 0 2 0 4 0 205101655
208 1 137 255 38 0 73 0 2 0 4 0 205200040
182 1 145 255 58 0 75 0 1 0 4 0 205294321
200 1 206 255 72 0 76 0 0 0 4 0 205388525
67 1 90 0 163 0 76 0 1 0 3 0 205486763
230 0 215 0 2 0 74 0 2 0 1 0 205606608
222 0 46 0 77 255 73 0 2 0 2 0 205679311
49 1 61 0 36 0 73 0 1 0 2 0 205773534
190 1 0 0 178 255 73 0 0 0 1 0 205871808
83 1 227 255 80 0 73 0 0 0 1 0 205966041
50 1 49 0 165 255 74 0 1 0 0 0 206074321
179 1 90 0 60 255 72 0 0 0 0 0 206158551
182 1 71 0 181 255 70 0 255 255 255 255 206252838
92 2 135 0 144 255 66 0 254 255 255 255 206347139
100 2 189 255 138 255 61 0 253 255 0 0 206445467
118 2 76 255 126 255 55 0 253 255 2 0 206539562
32 2 111 255 30 0 48 0 253 255 2 0 206637933
155 1 6 0 248 255 40 0 255 255 1 0 206764937
83 1 132 0 227 255 32 0 0 0 0 0 206826321
64 1 200 0 171 255 22 0 0 0 0 0 206924628
247 0 14 1 241 255 11 0 0 0 255 255 207018908
133 0 56 1 250 255 2 0 1 0 254 255 207113183
104 0 63 1 205 255 251 255 1 0 253 255 207235772
131 0 32 1 200 255 243 255 1 0 252 255 207309625
171 0 227 0 22 0 236 255 1 0 252 255 207403805
244 0 95 0 248 255 231 255 0 0 253 255 207498032
89 1 242 255 14 0 227 255 254 255 254 255 207596378
107 1 176 255 28 0 223 255 254 255 0 0 207702698
75 1 184 255 215 255 219 255 254 255 0 0 207784905
143 1 151 255 181 255 214 255 252 255 0 0 207936865
129 1 82 255 244 255 209 255 251 255 2 0 207981384
116 1 92 255 68 0 205 255 250 255 3 0 208075585
62 1 83 255 11 0 202 255 250 255 3 0 208169932
19 1 233 254 245 255 199 255 250 255 5 0 208268168
239 0 241 254 119 1 198 255 249 255 6 0 208370491
143 0 232 254 119 1 197 255 251 255 7 0 208456648
155 0 49 255 228 0 195 255 252 255 6 0 208554868
213 0 129 255 153 0 192 255 251 255 5 0 208653234
239 0 0 0 92 0 189 255 250 255 3 0 208747394
222 0 103 0 41 0 186 255 250 255 1 0 208842762
138 0 127 0 232 255 182 255 251 255 1 0 208939935
103 255 51 0 236 255 179 255 255 255 2 0 209064772
225 255 77 0 254 255 177 255 0 0 2 0 209128463
173 255 19 0 196 255 175 255 0 0 3 0 209226780
79 255 64 0 157 255 172 255 2 0 3 0 209320929
24 255 217 255 175 255 168 255 4 0 3 0 209419263
82 255 238 255 36 0 165 255 6 0 3 0 209528225
126 255 19 0 31 0 163 255 6 0 3 0 209607712
164 255 68 0 14 0 160 255 6 0 2 0 209705974
195 255 91 0 33 0 158 255 6 0 2 0 209800249
191 255 122 0 12 0 158 255 6 0 1 0 209898565
190 255 147 0 234 255 158 255 6 0 1 0 209992696
146 255 50 1 130 1 158 255 6 0 255 255 210086971
155 255 2 1 106 0 158 255 6 0 255 255 210205201
177 255 203 0 56 0 158 255 6 0 255 255 210279480
186 255 151 0 47 0 158 255 6 0 255 255 210377784
194 255 124 0 240 255 157 255 6 0 0 0 210472001
185 255 151 0 212 255 157 255 6 0 255 255 210566248
215 255 109 0 229 255 157 255 6 0 255 255 210675538
209 255 114 0 253 255 157 255 6 0 255 255 210762734
205 255 116 0 242 255 157 255 6 0 255 255 210881755
195 255 118 0 224 255 157 255 6 0 255 255 210951266
210 255 113 0 205 255 157 255 6 0 255 255 211049466
202 255 118 0 226 255 157 255 6 0 255 255 211143761
211 255 98 0 238 255 157 255 6 0 255 255 211237948
203 255 103 0 219 255 157 255 6 0 255 255 211345972
207 255 113 0 232 255 157 255 6 0 255 255 211430460
211 255 110 0 238 255 157 255 6 0 255 255 211528801
205 255 84 0 12 0 157 255 6 0 255 255 211622961
198 255 102 0 240 255 157 255 6 0 255 255 211717335
199 255 111 0 238 255 157 255 6 0 255 255 211815552
217 255 95 0 250 255 157 255 6 0 255 255 211909758
206 255 89 0 254 255 157 255 6 0 255 255 212050619
189 255 93 0 3 0 157 255 6 0 255 255 212102303
206 255 84 0 10 0 157 255 6 0 255 255 212200637
210 255 87 0 0 0 157 255 6 0 255 255 212294943
207 255 89 0 253 255 157 255 6 0 255 255 212389042
192 255 106 0 235 255 157 255 6 0 255 255 212524187
208 255 109 0 235 255 157 255 6 0 255 255 212581593
206 255 93 0 240 255 157 255 6 0 255 255 212675739
193 255 92 0 250 255 157 255 6 0 255 255 212774009
207 255 98 0 245 255 157 255 6 0 255 255 212872403
209 255 90 0 251 255 157 255 6 0 255 255 212988727
212 255 93 0 245 255 157 255 6 0 255 255 213060883
206 255 95 0 247 255 157 255 6 0 255 255 213204268
208 255 96 0 242 255 157 255 6 0 255 255 213253334
216 255 98 0 239 255 157 255 6 0 255 255 213347625
206 255 93 0 0 0 157 255 6 0 255 255 213445822
209 255 80 0 4 0 157 255 6 0 255 255 213540094
203 255 94 0 240 255 157 255 6 0 255 255 213671728
197 255 92 0 234 255 157 255 6 0 255 255 213826903
203 255 88 0 236 255 157 255 6 0 255 255 213925049
