74 0 112 0 35 243 0 0 254 255 0 0 1226385
25 0 209 0 245 247 0 0 254 255 255 255 1227196
236 255 9 1 252 250 0 0 254 255 255 255 1227852
189 255 22 1 221 252 0 0 254 255 255 255 1314859
198 255 13 1 15 254 0 0 254 255 255 255 1405109
135 255 24 1 206 254 0 0 254 255 255 255 1503488
107 255 64 1 89 255 0 0 255 255 254 255 1623500
108 255 24 1 165 255 0 0 255 255 255 255 1691874
73 255 245 0 180 255 0 0 0 0 255 255 1790197
106 255 223 0 225 255 0 0 0 0 255 255 1888517
125 255 229 0 254 255 0 0 0 0 255 255 1982718
125 255 219 0 13 0 0 0 0 0 255 255 2076876
131 255 211 0 251 255 0 0 0 0 0 0 2171178
145 255 202 0 5 0 0 0 0 0 0 0 2269472
155 255 210 0 12 0 0 0 0 0 0 0 2367784
170 255 217 0 44 0 0 0 0 0 0 0 2462025
133 255 203 0 46 0 1 0 0 0 0 0 2571685
159 255 184 0 15 0 0 0 0 0 0 0 2650416
199 255 174 0 20 0 0 0 0 0 0 0 2748718
197 255 168 0 34 0 0 0 255 255 0 0 2876295
208 255 178 0 26 0 0 0 255 255 0 0 2941174
185 255 194 0 20 0 0 0 255 255 0 0 3039509
183 255 193 0 14 0 0 0 255 255 0 0 3129645
193 255 177 0 26 0 0 0 255 255 0 0 3228026
189 255 182 0 28 0 0 0 255 255 0 0 3322203
190 255 168 0 42 0 0 0 255 255 0 0 3420473
180 255 175 0 20 0 0 0 255 255 0 0 3514693
199 255 181 0 15 0 0 0 255 255 0 0 3608905
183 255 167 0 25 0 0 0 255 255 0 0 3832015
170 255 163 0 35 0 255 255 255 255 1 0 3899757
152 255 150 0 28 0 255 255 255 255 1 0 3998036
175 255 167 0 11 0 254 255 255 255 1 0 4109207
199 255 185 0 19 0 254 255 255 255 1 0 4186482
195 255 185 0 24 0 253 255 255 255 1 0 4284793
191 255 161 0 18 0 252 255 255 255 1 0 4379001
181 255 134 0 22 0 251 255 255 255 1 0 4620697
180 255 126 0 15 0 250 255 255 255 1 0 4621212
153 255 129 0 34 0 248 255 255 255 2 0 4665760
168 255 148 0 32 0 247 255 255 255 2 0 4845705
189 255 174 0 28 0 245 255 255 255 2 0 4858251
196 255 207 0 8 0 244 255 255 255 1 0 4952472
198 255 191 0 4 0 242 255 255 255 1 0 5149808
203 255 177 0 244 255 239 255 255 255 1 0 5150350
199 255 193 0 13 0 237 255 255 255 1 0 5243297
223 255 250 0 19 0 231 255 255 255 1 0 5452081
231 255 16 1 18 0 228 255 255 255 1 0 5530031
237 255 28 1 22 0 225 255 255 255 1 0 5624285
238 255 30 1 36 0 223 255 255 255 1 0 5718729
224 255 15 1 49 0 220 255 255 255 1 0 5816773
208 255 0 1 19 0 218 255 255 255 1 0 5911012
231 255 11 1 30 0 215 255 255 255 1 0 6052182
227 255 245 0 14 0 214 255 255 255 1 0 6103539
231 255 238 0 26 0 212 255 254 255 1 0 6197832
229 255 234 0 13 0 211 255 254 255 1 0 6413137
222 255 245 0 20 0 210 255 254 255 0 0 6413559
225 255 7 1 54 0 209 255 254 255 0 0 6488619
208 255 35 1 18 0 208 255 254 255 0 0 6707069
224 255 29 1 3 0 207 255 254 255 0 0 6707775
228 255 4 1 5 0 205 255 254 255 0 0 6775295
235 255 246 0 255 255 203 255 254 255 0 0 7010261
223 255 254 0 0 0 201 255 254 255 0 0 7010910
230 255 254 0 33 0 198 255 254 255 0 0 7062042
244 255 13 1 19 0 196 255 254 255 0 0 7156301
20 0 90 1 79 0 189 255 254 255 0 0 7352894
241 255 94 1 56 0 186 255 254 255 0 0 7447109
251 255 109 1 20 0 182 255 255 255 0 0 7642140
78 0 108 1 231 255 178 255 254 255 0 0 7642510
90 0 76 1 251 255 174 255 254 255 0 0 7733875
155 0 84 1 231 255 171 255 253 255 0 0 7937639
115 0 140 1 8 0 168 255 252 255 0 0 7938887
66 0 99 1 59 0 164 255 252 255 0 0 8020635
61 0 43 1 45 0 161 255 252 255 0 0 8232765
4 0 104 1 39 0 157 255 252 255 0 0 8234214
77 0 196 1 0 0 150 255 252 255 255 255 8534435
121 0 177 1 2 0 146 255 251 255 255 255 8535069
125 0 163 1 73 0 142 255 251 255 255 255 8598206
86 0 142 1 73 0 139 255 251 255 0 0 8836351
78 0 167 1 21 0 136 255 251 255 255 255 8836910
44 0 182 1 29 0 132 255 252 255 255 255 8888980
59 0 183 1 2 0 129 255 252 255 255 255 8983201
30 0 189 1 14 0 126 255 252 255 255 255 9140901
22 0 196 1 26 0 123 255 252 255 255 255 9171649
252 255 200 1 33 0 120 255 252 255 254 255 9269982
0 0 207 1 18 0 117 255 253 255 254 255 9440397
24 0 171 1 27 0 114 255 253 255 254 255 9462516
9 0 91 1 14 0 112 255 253 255 255 255 9556678
51 0 49 1 26 0 110 255 253 255 255 255 9784400
84 0 62 1 43 0 108 255 253 255 255 255 9785017
79 0 56 1 57 0 106 255 253 255 255 255 9843447
98 0 117 1 50 0 105 255 253 255 254 255 10076101
122 0 191 1 54 0 103 255 253 255 254 255 10076761
115 0 204 1 49 0 100 255 253 255 253 255 10130163
116 0 211 1 27 0 98 255 254 255 252 255 10327745
153 0 189 1 255 255 95 255 254 255 252 255 10328153
195 0 212 1 15 0 92 255 253 255 252 255 10421001
128 0 195 1 43 0 90 255 253 255 252 255 10515210
86 0 205 1 51 0 87 255 254 255 252 255 10695181
64 0 191 1 31 0 85 255 254 255 251 255 10703605
41 0 126 1 249 255 83 255 255 255 252 255 10802044
54 0 92 1 245 255 82 255 255 255 252 255 10983750
107 0 135 1 6 0 81 255 255 255 253 255 10994537
106 0 135 1 8 0 80 255 255 255 253 255 11092717
65 0 90 1 29 0 79 255 0 0 254 255 11285256
31 0 84 1 51 0 77 255 0 0 254 255 11286164
10 0 34 1 30 0 75 255 0 0 255 255 11379565
16 0 231 0 25 0 73 255 0 0 255 255 11634538
51 0 185 0 35 0 72 255 0 0 0 0 11635229
30 0 219 0 41 0 70 255 0 0 0 0 11666280
28 0 43 1 11 0 69 255 0 0 0 0 11918155
66 0 104 1 16 0 67 255 0 0 0 0 11918768
139 0 125 1 255 255 65 255 0 0 0 0 11953124
156 0 100 1 34 0 63 255 0 0 0 0 12213002
122 0 97 1 77 0 61 255 0 0 0 0 12213632
111 0 90 1 86 0 59 255 0 0 0 0 12239707
110 0 117 1 93 0 57 255 0 0 0 0 12338091
143 0 108 1 69 0 56 255 0 0 0 0 12507537
149 0 105 1 25 0 55 255 0 0 0 0 12530659
175 0 81 1 42 0 53 255 0 0 0 0 12624775
145 0 77 1 66 0 51 255 0 0 0 0 12809199
76 0 36 1 22 0 49 255 0 0 0 0 12817312
55 0 22 1 42 0 47 255 0 0 0 0 12915588
73 0 254 0 57 0 46 255 0 0 0 0 13113032
51 0 225 0 37 0 45 255 0 0 0 0 13113657
49 0 253 0 35 0 44 255 0 0 0 0 13202367
20 0 250 0 37 0 43 255 0 0 0 0 13415759
10 0 255 0 21 0 42 255 1 0 0 0 13417020
33 0 28 1 254 255 42 255 1 0 0 0 13489092
32 0 54 1 4 0 41 255 1 0 0 0 13709967
51 0 92 1 253 255 40 255 1 0 0 0 13710551
49 0 139 1 240 255 39 255 1 0 0 0 13775854
84 0 155 1 0 0 38 255 1 0 0 0 14059891
94 0 187 1 24 0 37 255 1 0 0 0 14060874
126 0 180 1 5 0 35 255 1 0 0 0 14066675
105 0 155 1 41 0 33 255 1 0 0 0 14294231
99 0 94 1 1 0 31 255 1 0 0 0 14294796
128 0 61 1 6 0 30 255 1 0 0 0 14349292
126 0 68 1 3 0 29 255 1 0 255 255 14447632
151 0 24 1 16 0 28 255 0 0 255 255 14636282
120 0 26 1 26 0 27 255 0 0 255 255 14640109
118 0 254 0 27 0 25 255 1 0 255 255 14734335
119 0 5 1 38 0 24 255 0 0 0 0 14923968
117 0 59 1 25 0 23 255 0 0 0 0 14926945
144 0 93 1 32 0 21 255 0 0 255 255 15021164
151 0 84 1 54 0 20 255 0 0 255 255 15215851
135 0 53 1 27 0 18 255 0 0 0 0 15216466
143 0 52 1 32 0 16 255 0 0 0 0 15307854
133 0 85 1 92 0 14 255 0 0 0 0 15463555
138 0 80 1 33 0 13 255 1 0 0 0 15500347
137 0 88 1 40 0 11 255 0 0 0 0 15598666
91 0 49 1 30 0 9 255 1 0 0 0 15825333
77 0 23 1 63 0 7 255 1 0 0 0 15825936
62 0 34 1 44 0 5 255 1 0 0 0 15885389
110 0 61 1 32 0 3 255 1 0 0 0 16112182
135 0 86 1 29 0 1 255 1 0 0 0 16112853
128 0 146 1 4 0 255 254 1 0 255 255 16172159
151 0 157 1 57 0 252 254 1 0 255 255 16406139
220 0 147 1 20 0 250 254 0 0 255 255 16406760
53 1 103 1 244 255 247 254 0 0 255 255 16458861
15 1 77 1 224 255 245 254 0 0 255 255 16702484
33 1 254 0 223 255 242 254 0 0 0 0 16703460
173 0 2 1 27 0 240 254 0 0 0 0 16749775
22 0 21 1 252 255 238 254 2 0 0 0 16993548
45 0 74 1 191 255 236 254 2 0 0 0 16993969
109 0 155 1 141 0 234 254 0 0 255 255 17036410
209 255 188 1 201 0 230 254 2 0 255 255 17283468
101 0 140 1 61 0 227 254 2 0 255 255 17284470
206 0 196 1 48 0 224 254 2 0 253 255 17323209
20 1 61 1 89 0 220 254 0 0 254 255 17421512
193 0 41 1 122 0 216 254 1 0 254 255 17585058
80 0 61 1 81 0 212 254 2 0 254 255 17610020
222 255 102 1 1 0 208 254 3 0 253 255 17708270
224 255 117 1 255 255 204 254 4 0 253 255 17938966
241 255 123 1 36 0 200 254 4 0 252 255 17939543
22 0 166 1 2 0 55 1 5 0 252 255 17995000
80 0 229 1 243 255 51 1 4 0 251 255 18178940
92 0 172 1 54 0 47 1 4 0 252 255 18187473
53 0 143 1 30 0 43 1 4 0 252 255 18281725
47 0 211 1 56 0 39 1 4 0 252 255 18477091
67 0 189 1 70 0 35 1 4 0 251 255 18477829
93 0 131 1 7 0 31 1 4 0 252 255 18572595
123 0 90 1 250 255 28 1 4 0 252 255 18783060
159 0 78 1 245 255 24 1 4 0 252 255 18783597
185 0 94 1 254 255 20 1 4 0 252 255 18859291
194 0 121 1 12 0 16 1 4 0 252 255 19072238
196 0 140 1 47 0 12 1 3 0 252 255 19073032
149 0 211 1 59 0 9 1 3 0 252 255 19146033
100 0 207 1 88 0 5 1 4 0 252 255 19373104
111 0 128 1 55 0 1 1 4 0 253 255 19373617
190 0 126 1 43 0 254 0 4 0 253 255 19432794
238 0 167 1 48 0 251 0 4 0 253 255 19674471
74 1 162 1 41 0 248 0 3 0 253 255 19675432
134 1 181 1 30 0 245 0 3 0 253 255 19719518
135 1 145 1 251 255 243 0 2 0 253 255 19964256
166 1 121 1 16 0 241 0 2 0 253 255 19964638
191 1 74 1 254 255 238 0 2 0 254 255 20006315
180 1 102 1 9 0 236 0 1 0 253 255 20264858
127 1 171 1 25 0 235 0 2 0 252 255 20297150
195 1 184 1 90 0 234 0 1 0 252 255 20556128
117 1 182 1 62 0 233 0 0 0 252 255 20557079
30 1 186 1 76 0 232 0 1 0 251 255 20583843
53 1 183 1 78 0 230 0 1 0 251 255 20678014
15 1 210 1 35 0 229 0 1 0 251 255 20852858
11 1 228 1 213 255 228 0 1 0 250 255 20870640
16 1 161 1 242 255 227 0 1 0 250 255 20968869
255 0 115 1 245 255 226 0 1 0 251 255 21142937
227 0 91 1 38 0 225 0 0 0 251 255 21157330
215 0 86 1 2 0 225 0 0 0 251 255 21255628
0 1 31 1 20 0 224 0 0 0 251 255 21435353
59 1 210 0 27 0 224 0 255 255 252 255 21448138
53 1 237 0 22 0 224 0 255 255 253 255 21542384
115 1 13 1 223 255 224 0 254 255 253 255 21729816
175 1 23 1 2 0 224 0 253 255 253 255 21734842
201 1 236 0 56 0 224 0 253 255 253 255 21829090
220 1 230 0 130 0 224 0 252 255 253 255 22020887
164 1 214 0 142 0 224 0 253 255 253 255 22021556
138 1 196 0 143 0 224 0 253 255 253 255 22115887
87 1 191 0 114 0 224 0 253 255 253 255 22319713
80 1 201 0 42 0 224 0 253 255 253 255 22320370
23 1 241 0 46 0 223 0 253 255 252 255 22406642
179 0 50 1 229 255 222 0 254 255 252 255 22607292
237 0 118 1 188 255 221 0 255 255 252 255 22607972
96 1 128 1 208 255 220 0 254 255 252 255 22693433
128 1 120 1 9 0 220 0 252 255 252 255 22889495
45 1 112 1 15 0 219 0 252 255 252 255 22890139
178 1 80 1 32 0 218 0 252 255 253 255 22980107
233 1 70 1 73 0 218 0 250 255 253 255 23163419
208 1 97 1 12 0 218 0 251 255 253 255 23172594
236 1 111 1 231 255 218 0 251 255 253 255 23266836
116 1 137 1 30 0 219 0 252 255 253 255 23517074
204 1 103 1 59 0 219 0 252 255 253 255 23518019
152 1 57 1 52 0 218 0 252 255 253 255 23553657
106 1 1 1 212 255 218 0 253 255 253 255 23805940
32 1 234 0 254 255 218 0 253 255 253 255 23806561
52 1 191 0 245 255 217 0 253 255 254 255 23844515
92 1 217 0 22 0 217 0 252 255 253 255 24093945
88 1 183 0 83 0 217 0 251 255 253 255 24094956
72 1 146 0 17 0 216 0 252 255 254 255 24131145
43 1 141 0 230 255 215 0 252 255 254 255 24380780
132 1 141 0 228 255 214 0 252 255 254 255 24381423
166 1 196 0 52 0 213 0 250 255 253 255 24417881
77 1 2 1 120 0 212 0 251 255 252 255 24672744
231 0 237 0 49 0 210 0 251 255 253 255 24673758
213 0 50 1 35 0 208 0 251 255 252 255 24708794
127 0 85 1 30 0 207 0 251 255 251 255 24959640
236 0 61 1 0 0 206 0 251 255 251 255 24960627
41 1 31 1 5 0 206 0 250 255 252 255 24995445
80 1 5 1 29 0 207 0 250 255 252 255 25089742
118 1 3 1 82 0 207 0 249 255 252 255 25255259
11 1 2 1 87 0 208 0 250 255 253 255 25282282
132 1 245 0 101 0 210 0 250 255 253 255 25380562
126 1 253 0 92 0 210 0 249 255 253 255 25545944
235 0 249 0 48 0 211 0 251 255 253 255 25569041
247 0 209 0 41 0 212 0 250 255 253 255 25667211
208 0 128 0 34 0 213 0 250 255 254 255 25848706
165 0 109 0 0 0 214 0 250 255 254 255 25855743
132 0 109 0 199 255 215 0 251 255 254 255 25954019
202 0 93 0 162 255 216 0 250 255 254 255 26146084
245 0 98 0 204 255 216 0 250 255 254 255 26146528
24 1 65 0 231 255 217 0 249 255 254 255 26240753
22 1 51 0 241 255 217 0 249 255 255 255 26448660
245 0 118 0 45 0 218 0 249 255 254 255 26449277
147 0 168 0 140 0 220 0 250 255 253 255 26527545
75 0 123 0 100 0 221 0 250 255 254 255 26740016
3 0 104 0 240 255 222 0 251 255 254 255 26740693
246 255 2 1 10 0 223 0 252 255 254 255 26818356
37 0 47 1 240 255 225 0 252 255 253 255 27031452
84 0 66 1 244 255 227 0 251 255 253 255 27031869
120 0 46 1 24 0 229 0 251 255 253 255 27101116
125 0 34 1 64 0 232 0 251 255 253 255 27333094
130 0 230 0 104 0 236 0 251 255 253 255 27333501
108 0 160 0 100 0 240 0 252 255 254 255 27391797
124 0 116 0 55 0 244 0 252 255 255 255 27625654
157 0 58 0 19 0 249 0 253 255 255 255 27626295
207 0 17 0 220 255 253 0 253 255 0 0 27678575
164 0 243 255 252 255 3 1 253 255 255 255 27911403
174 0 238 255 238 255 8 1 254 255 255 255 27912710
70 1 157 255 243 255 13 1 252 255 255 255 27969400
179 1 127 255 210 255 18 1 250 255 0 0 28214795
170 1 163 255 231 255 22 1 250 255 255 255 28215592
62 1 201 255 233 255 25 1 250 255 255 255 28256151
193 0 152 255 48 0 27 1 252 255 255 255 28502000
175 0 158 255 1 0 29 1 252 255 0 0 28502821
181 0 223 255 3 0 32 1 252 255 0 0 28542861
208 0 19 0 16 0 35 1 251 255 255 255 28637040
8 1 49 0 63 0 39 1 251 255 255 255 28793499
237 0 76 0 85 0 42 1 251 255 0 0 28829640
175 0 142 0 51 0 47 1 253 255 0 0 28923832
161 0 123 0 98 0 51 1 253 255 0 0 29091698
124 0 92 0 128 0 56 1 253 255 0 0 29116372
233 255 37 0 38 0 203 254 0 0 0 0 29214647
44 0 251 255 31 0 209 254 0 0 0 0 29388023
127 0 240 255 238 255 215 254 0 0 0 0 29403133
233 0 214 255 8 0 220 254 0 0 0 0 29501391
18 1 178 255 29 0 226 254 255 255 0 0 29689664
5 1 155 255 44 0 231 254 255 255 0 0 29690510
9 1 115 255 52 0 237 254 254 255 1 0 29788158
254 0 120 255 36 0 242 254 253 255 1 0 29982516
197 0 170 255 33 0 248 254 253 255 1 0 29983214
176 0 142 255 235 255 253 254 253 255 1 0 30074918
221 0 97 255 5 0 2 255 253 255 1 0 30275261
20 1 23 255 23 0 7 255 252 255 2 0 30275885
38 1 226 254 34 0 12 255 252 255 2 0 30365698
87 1 205 254 40 0 17 255 251 255 3 0 30614672
96 1 227 254 23 0 22 255 251 255 3 0 30615307
155 1 32 255 241 255 27 255 251 255 3 0 30652475
10 2 114 255 18 0 32 255 250 255 3 0 30850193
79 2 184 255 254 255 36 255 250 255 3 0 30850933
111 2 198 255 255 255 40 255 249 255 2 0 30939223
93 2 199 255 21 0 42 255 248 255 2 0 31143573
81 2 15 0 23 0 45 255 248 255 1 0 31144141
4 2 2 0 35 0 48 255 248 255 1 0 31225951
188 1 14 0 58 0 51 255 248 255 1 0 31443592
173 1 128 0 49 0 53 255 248 255 1 0 31444181
141 1 208 0 61 0 56 255 248 255 0 0 31512629
94 1 236 0 79 0 59 255 248 255 0 0 31737287
134 1 216 0 96 0 63 255 247 255 0 0 31738105
154 1 227 0 106 0 67 255 247 255 0 0 31803563
180 1 216 0 116 0 71 255 247 255 0 0 32032584
189 1 199 0 84 0 75 255 248 255 0 0 32033281
156 1 186 0 118 0 80 255 247 255 0 0 32090238
182 1 188 0 180 0 84 255 247 255 0 0 32325785
92 1 49 0 106 0 89 255 247 255 1 0 32326201
69 1 13 0 43 0 95 255 248 255 0 0 32377037
63 1 214 255 250 255 100 255 248 255 1 0 32621401
77 1 176 255 248 255 105 255 248 255 1 0 32621828
43 1 128 255 15 0 110 255 249 255 1 0 32667773
71 1 101 255 20 0 114 255 248 255 2 0 32871367
99 1 84 255 23 0 118 255 248 255 2 0 32871945
59 1 156 255 246 255 122 255 249 255 2 0 32954540
92 1 147 255 29 0 126 255 248 255 1 0 33168715
168 1 101 255 27 0 130 255 248 255 2 0 33169157
164 1 136 255 31 0 134 255 248 255 2 0 33241262
211 1 185 255 247 255 138 255 248 255 1 0 33471248
19 2 164 255 2 0 141 255 247 255 1 0 33471922
11 2 213 255 17 0 145 255 247 255 1 0 33528067
2 2 13 0 249 255 148 255 247 255 0 0 33622228
248 1 19 0 86 0 152 255 247 255 0 0 33764750
255 1 89 0 75 0 156 255 248 255 0 0 33814792
223 1 246 0 49 0 160 255 247 255 255 255 33913111
72 1 42 1 24 0 164 255 248 255 255 255 34068329
28 1 22 1 36 0 167 255 248 255 254 255 34105593
62 1 66 1 111 0 170 255 248 255 254 255 34199844
36 1 110 1 105 0 172 255 248 255 253 255 34362424
108 1 68 1 73 0 174 255 248 255 253 255 34392295
141 1 13 1 48 0 177 255 248 255 253 255 34486677
151 1 4 1 50 0 179 255 248 255 254 255 34667442
228 1 255 0 38 0 181 255 248 255 254 255 34679033
203 1 40 1 61 0 183 255 248 255 253 255 34773316
35 2 70 1 76 0 185 255 248 255 254 255 34958777
224 1 66 1 42 0 187 255 247 255 253 255 34965801
145 1 247 0 39 0 188 255 248 255 254 255 35059983
144 1 179 0 51 0 190 255 248 255 254 255 35247027
65 1 105 0 54 0 191 255 247 255 255 255 35252566
236 0 35 0 0 0 193 255 248 255 0 0 35350821
225 0 243 255 0 0 193 255 249 255 0 0 35550118
243 0 211 255 2 0 193 255 248 255 0 0 35550496
15 1 213 255 253 255 194 255 248 255 0 0 35637594
6 1 225 255 249 255 193 255 248 255 1 0 35845505
63 1 245 255 233 255 192 255 248 255 1 0 35845886
123 1 243 255 250 255 191 255 248 255 1 0 35924341
172 1 234 255 18 0 189 255 247 255 1 0 36139815
186 1 245 255 34 0 187 255 247 255 1 0 36140219
141 1 20 0 138 0 185 255 247 255 1 0 36215153
134 1 17 0 111 0 183 255 248 255 1 0 36434220
75 1 54 0 48 0 181 255 248 255 0 0 36434770
31 1 77 0 37 0 178 255 248 255 0 0 36497832
206 0 158 0 248 255 176 255 249 255 0 0 36729461
200 0 222 0 31 0 174 255 249 255 0 0 36730228
116 0 35 1 235 255 171 255 250 255 0 0 36788680
160 0 61 1 4 0 169 255 250 255 0 0 37032709
16 1 18 1 10 0 166 255 250 255 0 0 37033607
0 1 224 0 2 0 163 255 250 255 1 0 37079482
221 0 207 0 252 255 161 255 250 255 1 0 37325618
34 1 161 0 73 0 158 255 250 255 1 0 37326295
11 1 44 0 72 0 155 255 250 255 2 0 37362101
22 1 15 0 49 0 153 255 250 255 3 0 37620486
181 0 3 0 246 255 151 255 250 255 3 0 37621267
166 0 20 0 216 255 149 255 251 255 3 0 37653071
193 0 243 255 236 255 147 255 250 255 3 0 37914938
177 0 251 255 253 255 145 255 250 255 4 0 37915557
97 0 255 255 53 0 143 255 250 255 4 0 37939718
18 0 17 0 62 0 142 255 251 255 4 0 38209544
44 0 19 0 84 0 140 255 251 255 4 0 38210079
74 0 250 255 62 0 138 255 251 255 4 0 38226393
129 0 207 255 33 0 136 255 251 255 5 0 38505330
172 0 215 255 12 0 133 255 251 255 4 0 38506535
191 0 5 0 0 0 131 255 251 255 4 0 38513174
160 0 42 0 7 0 127 255 251 255 3 0 38611454
145 0 160 0 50 0 123 255 251 255 2 0 38705761
64 0 189 0 33 0 120 255 252 255 1 0 38804028
56 0 196 0 7 0 116 255 252 255 1 0 38898243
74 0 223 0 239 255 112 255 252 255 1 0 39073348
81 0 222 0 0 0 109 255 252 255 1 0 39090773
102 0 205 0 10 0 105 255 252 255 1 0 39189006
107 0 188 0 15 0 101 255 252 255 1 0 39368413
132 0 153 0 26 0 97 255 253 255 1 0 39377542
155 0 105 0 44 0 93 255 253 255 2 0 39471727
173 0 105 0 32 0 89 255 253 255 2 0 39657865
177 0 175 0 16 0 86 255 253 255 2 0 39664288
176 0 236 0 15 0 82 255 253 255 1 0 39762529
185 0 238 0 204 255 79 255 253 255 1 0 39905457
206 0 201 0 229 255 75 255 253 255 1 0 39951037
221 0 194 0 26 0 72 255 252 255 1 0 40049302
224 0 167 0 11 0 68 255 252 255 1 0 40204198
1 1 149 0 216 255 65 255 252 255 2 0 40241772
248 0 181 0 252 255 62 255 252 255 2 0 40336061
203 0 149 0 236 255 59 255 252 255 2 0 40500400
196 0 133 0 16 0 56 255 252 255 2 0 40528580
103 0 139 0 69 0 54 255 252 255 2 0 40622868
90 0 154 0 10 0 51 255 253 255 2 0 40793202
127 0 194 0 220 255 48 255 253 255 2 0 40815292
116 0 17 1 20 0 45 255 252 255 1 0 40909497
82 0 57 1 11 0 41 255 253 255 0 0 41084837
8 0 107 1 20 0 37 255 253 255 255 255 41102068
37 0 248 0 82 0 32 255 253 255 0 0 41200359
248 255 183 0 37 0 28 255 253 255 0 0 41379337
18 0 146 0 218 255 23 255 252 255 1 0 41388716
103 0 179 0 26 0 14 255 252 255 1 0 41673671
153 0 212 0 11 0 10 255 252 255 1 0 41679579
226 0 177 0 25 0 6 255 251 255 1 0 41773856
215 0 113 0 82 0 1 255 250 255 2 0 41970691
134 0 119 0 62 0 252 254 251 255 2 0 41971116
175 0 206 0 54 0 248 254 251 255 1 0 42060488
119 0 235 0 49 0 244 254 251 255 1 0 42255511
123 0 5 1 15 0 240 254 251 255 0 0 42256172
73 0 42 1 2 0 237 254 251 255 0 0 42347265
43 0 64 1 250 255 233 254 252 255 0 0 42543233
60 0 94 1 235 255 229 254 252 255 0 0 42543876
49 0 116 1 211 255 226 254 252 255 0 0 42638083
49 0 131 1 236 255 222 254 253 255 255 255 42827566
52 0 180 1 239 255 218 254 253 255 255 255 42828927
114 0 209 1 236 255 214 254 253 255 255 255 42924820
177 0 191 1 34 0 209 254 253 255 255 255 43128358
239 0 154 1 38 0 205 254 252 255 255 255 43128758
43 1 106 1 50 0 201 254 252 255 255 255 43215660
66 1 147 1 50 0 57 1 252 255 255 255 43359768
87 1 135 1 241 255 55 1 252 255 255 255 43404067
47 1 116 1 255 255 53 1 251 255 255 255 43502428
73 1 97 1 253 255 50 1 251 255 255 255 43658116
133 1 42 1 243 255 48 1 251 255 0 0 43690821
33 1 23 1 233 255 47 1 250 255 0 0 43789116
146 0 246 0 248 255 45 1 251 255 0 0 43952219
99 0 217 0 71 0 44 1 252 255 0 0 43977620
91 0 196 0 171 0 43 1 252 255 0 0 44075920
231 255 249 0 95 0 42 1 252 255 0 0 44239147
196 255 55 1 21 0 41 1 253 255 0 0 44268451
90 0 41 1 254 255 40 1 253 255 0 0 44362623
241 0 68 1 45 0 39 1 251 255 255 255 44456895
211 0 113 1 139 0 37 1 251 255 255 255 44555206
164 0 49 1 51 0 36 1 251 255 255 255 44812330
235 0 39 1 251 255 35 1 251 255 255 255 44814067
237 0 237 0 232 255 35 1 251 255 255 255 44841946
254 0 5 1 189 255 35 1 251 255 0 0 45103407
214 0 81 1 9 0 35 1 252 255 255 255 45103883
145 0 53 1 11 0 34 1 252 255 255 255 45132736
85 0 251 0 14 0 34 1 252 255 255 255 45398218
75 0 1 1 251 255 33 1 253 255 255 255 45398943
41 0 252 0 4 0 33 1 252 255 0 0 45419455
231 255 225 0 43 0 33 1 252 255 0 0 45687118
177 255 218 0 248 255 33 1 253 255 0 0 45687784
164 255 4 1 213 255 34 1 253 255 0 0 45706203
181 255 20 1 2 0 34 1 253 255 255 255 45970694
221 255 253 0 248 255 34 1 253 255 0 0 45971186
8 0 9 1 220 255 35 1 254 255 255 255 45993053
72 0 48 1 26 0 36 1 254 255 255 255 46268019
73 0 45 1 34 0 37 1 253 255 255 255 46268575
0 0 62 1 37 0 39 1 254 255 254 255 46283744
51 0 40 1 26 0 40 1 254 255 254 255 46505457
110 0 22 1 31 0 41 1 255 255 255 255 46506091
105 0 14 1 20 0 43 1 255 255 254 255 46570496
87 0 254 0 11 0 45 1 255 255 255 255 46804768
116 0 17 1 28 0 46 1 0 0 255 255 46805303
79 0 164 0 12 0 48 1 0 0 0 0 46857268
244 255 170 0 29 0 51 1 0 0 0 0 47097818
220 255 158 0 39 0 54 1 0 0 0 0 47098345
202 255 113 0 40 0 57 1 0 0 0 0 47144046
194 255 88 0 33 0 202 254 0 0 0 0 47392032
254 255 15 0 0 0 206 254 0 0 0 0 47392582
15 0 252 255 12 0 210 254 0 0 0 0 47430789
9 0 245 255 38 0 215 254 0 0 0 0 47643487
250 255 233 255 47 0 219 254 0 0 1 0 47644051
3 0 218 255 47 0 223 254 0 0 1 0 47721538
7 0 230 255 255 255 227 254 0 0 2 0 47939560
43 0 212 255 12 0 232 254 0 0 1 0 47940487
77 0 189 255 6 0 236 254 255 255 2 0 48008306
97 0 217 255 234 255 241 254 255 255 2 0 48230990
108 0 226 255 244 255 246 254 255 255 2 0 48231394
83 0 198 255 227 255 251 254 255 255 2 0 48295093
131 0 192 255 229 255 0 255 254 255 2 0 48522752
195 0 205 255 3 0 4 255 253 255 2 0 48523609
242 0 221 255 19 0 9 255 252 255 2 0 48585845
23 1 223 255 15 0 14 255 252 255 2 0 48827991
63 1 244 255 7 0 18 255 251 255 1 0 48828695
50 1 17 0 38 0 22 255 251 255 1 0 48868563
19 1 10 0 243 255 25 255 250 255 1 0 49099884
97 1 14 0 19 0 28 255 250 255 1 0 49100489
29 1 51 0 37 0 31 255 250 255 1 0 49159375
46 1 91 0 29 0 33 255 250 255 0 0 49391354
0 1 65 0 1 0 35 255 250 255 0 0 49391794
160 0 45 0 64 0 37 255 250 255 0 0 49446120
207 0 254 255 47 0 39 255 250 255 0 0 49637897
186 0 31 0 172 0 41 255 250 255 0 0 49638293
23 1 207 255 35 0 42 255 250 255 0 0 49736900
11 1 134 255 20 0 43 255 250 255 1 0 49946155
253 0 180 255 244 255 46 255 250 255 0 0 49946786
251 0 190 255 27 255 47 255 249 255 0 0 50019589
197 0 190 255 37 0 49 255 250 255 1 0 50237976
240 0 231 255 45 0 51 255 250 255 1 0 50238543
245 0 236 255 5 0 52 255 250 255 1 0 50306386
217 0 27 0 254 255 54 255 250 255 0 0 50529739
209 0 47 0 247 255 54 255 250 255 0 0 50530254
16 1 44 0 4 0 54 255 250 255 1 0 50597127
171 0 19 0 21 0 55 255 250 255 1 0 50824197
153 0 244 255 12 0 55 255 251 255 1 0 50824742
210 0 205 255 68 0 56 255 251 255 1 0 50883871
205 0 198 255 55 0 57 255 251 255 1 0 51075955
229 0 226 255 39 0 57 255 251 255 1 0 51076418
168 0 5 255 40 0 58 255 251 255 1 0 51170644
177 0 241 255 8 0 59 255 252 255 1 0 51375634
154 0 235 255 246 255 59 255 252 255 1 0 51376297
174 0 241 255 20 0 60 255 252 255 1 0 51457375
204 0 192 255 65 0 61 255 251 255 1 0 51664455
153 0 230 255 19 0 62 255 251 255 1 0 51665102
153 0 255 255 41 0 63 255 251 255 1 0 51748177
141 0 250 255 76 0 64 255 250 255 1 0 51959878
146 0 18 0 62 0 65 255 251 255 0 0 51960534
172 0 26 0 24 0 65 255 251 255 1 0 52035088
188 0 254 255 7 0 66 255 251 255 1 0 52252526
207 0 254 255 13 0 66 255 251 255 1 0 52253108
4 1 239 255 59 0 67 255 251 255 1 0 52321677
235 0 245 255 35 0 67 255 251 255 0 0 52535636
241 0 236 255 78 0 68 255 251 255 0 0 52536184
245 0 207 255 21 0 68 255 252 255 1 0 52612504
109 1 244 255 223 255 70 255 252 255 0 0 52815356
74 1 237 255 239 255 72 255 253 255 0 0 52816397
255 1 252 255 218 255 73 255 254 255 0 0 52895295
74 1 214 255 229 255 76 255 254 255 0 0 53106297
31 1 195 255 235 255 80 255 254 255 0 0 53106986
197 0 162 255 20 0 83 255 254 255 1 0 53186047
161 0 94 255 12 0 86 255 255 255 1 0 53401504
210 0 107 255 37 0 89 255 254 255 2 0 53402065
3 1 120 255 5 0 91 255 254 255 2 0 53472713
252 0 133 255 241 255 93 255 253 255 2 0 53636505
222 0 228 255 23 0 95 255 254 255 2 0 53665238
207 0 254 255 89 0 97 255 254 255 2 0 53759491
169 0 1 0 10 0 100 255 254 255 2 0 53952041
132 0 12 0 61 0 100 255 254 255 1 0 54046182
210 0 162 255 53 0 101 255 253 255 2 0 54228411
159 0 120 255 3 0 102 255 253 255 2 0 54238726
162 0 127 255 50 0 102 255 253 255 1 0 54337035
178 0 98 255 51 0 103 255 253 255 1 0 54521254
159 0 181 255 199 255 104 255 253 255 1 0 54525448
170 0 253 255 224 255 105 255 253 255 0 0 54623806
203 0 250 255 233 255 106 255 253 255 0 0 54814989
208 0 182 255 0 0 106 255 252 255 1 0 54816612
224 0 200 255 25 0 107 255 252 255 1 0 54910614
243 0 186 255 33 0 109 255 251 255 1 0 55047380
25 1 216 255 75 0 111 255 251 255 1 0 55103031
61 1 220 255 25 0 113 255 250 255 1 0 55347835
97 1 255 255 26 0 115 255 250 255 1 0 55348433
136 1 64 0 64 0 117 255 249 255 1 0 55389811
86 1 126 0 102 0 119 255 249 255 1 0 55641085
110 1 136 0 184 0 120 255 249 255 0 0 55641848
17 1 89 0 186 0 121 255 250 255 0 0 55676515
170 0 3 0 90 0 121 255 250 255 1 0 55935444
115 0 135 255 6 0 122 255 251 255 1 0 55936207
109 0 96 255 143 255 122 255 252 255 2 0 55967318
170 0 81 255 182 255 122 255 251 255 3 0 56229358
175 0 35 255 222 255 121 255 250 255 3 0 56230225
151 0 41 255 61 0 120 255 250 255 3 0 56254136
36 0 55 255 98 0 119 255 250 255 3 0 56463928
48 0 36 255 97 0 117 255 251 255 2 0 56464464
30 0 95 255 255 255 115 255 252 255 2 0 56540855
95 0 134 255 251 255 112 255 252 255 2 0 56767862
136 0 174 255 12 0 109 255 251 255 2 0 56769386
142 0 170 255 245 255 106 255 252 255 1 0 56831658
189 0 167 255 9 0 102 255 252 255 1 0 57062809
229 0 139 255 23 0 99 255 252 255 2 0 57063215
35 1 83 255 33 0 95 255 252 255 2 0 57118409
72 1 66 255 75 0 91 255 252 255 3 0 57306651
33 1 172 255 44 0 89 255 252 255 2 0 57310950
238 0 190 255 40 0 87 255 252 255 1 0 57405143
205 0 171 255 12 0 85 255 253 255 1 0 57606639
212 0 244 255 222 255 84 255 252 255 1 0 57607283
178 0 207 255 234 255 84 255 252 255 1 0 57691936
179 0 179 255 11 0 83 255 251 255 2 0 57911229
160 0 199 255 18 0 82 255 251 255 2 0 57911723
108 0 3 0 17 0 83 255 251 255 2 0 57978630
98 0 38 0 19 0 82 255 252 255 1 0 58199397
80 0 57 0 15 0 82 255 251 255 1 0 58199969
13 0 112 0 250 255 81 255 252 255 1 0 58269453
45 0 132 0 26 0 81 255 252 255 1 0 58493712
109 0 115 0 61 0 81 255 252 255 1 0 58494420
110 0 86 0 22 0 81 255 252 255 1 0 58556238
179 0 70 0 61 0 80 255 252 255 1 0 58775263
243 0 36 0 77 0 80 255 252 255 2 0 58776121
242 0 28 0 53 0 80 255 252 255 2 0 58842949
248 0 4 0 78 0 80 255 252 255 2 0 59069776
226 0 248 255 86 0 81 255 252 255 3 0 59070226
243 0 55 0 41 0 81 255 252 255 2 0 59133726
168 0 62 0 6 0 82 255 252 255 1 0 59304436
207 0 13 0 29 0 82 255 252 255 1 0 59322204
131 0 53 0 4 0 82 255 252 255 1 0 59420464
59 0 34 0 2 0 82 255 252 255 2 0 59552807
237 255 48 0 23 0 81 255 253 255 2 0 59608917
142 255 39 0 228 255 81 255 254 255 2 0 59707262
3 0 192 255 176 255 80 255 254 255 3 0 59859572
141 0 203 255 140 255 80 255 253 255 3 0 59895657
190 0 227 255 37 0 79 255 252 255 3 0 59994022
157 0 198 255 82 0 78 255 252 255 3 0 60157157
180 0 181 255 80 0 78 255 251 255 3 0 60182409
174 0 202 255 62 0 76 255 251 255 3 0 60280674
192 0 188 255 33 0 75 255 251 255 3 0 60450128
42 1 219 255 107 0 73 255 251 255 3 0 60473239
235 0 20 0 178 0 72 255 251 255 2 0 60571541
163 0 248 255 44 0 70 255 252 255 1 0 60665716
75 0 248 255 227 0 68 255 252 255 1 0 60760024
105 0 73 0 185 255 67 255 252 255 1 0 61025147
87 0 99 0 201 255 65 255 251 255 1 0 61027197
239 255 73 0 228 255 63 255 251 255 1 0 61046709
194 255 75 0 0 0 61 255 252 255 1 0 61313855
205 255 126 0 24 0 59 255 252 255 0 0 61314430
172 255 194 0 8 0 57 255 253 255 0 0 61337526
43 0 167 0 40 0 55 255 252 255 0 0 61608616
71 0 156 0 35 0 53 255 251 255 0 0 61609870
74 0 159 0 7 0 52 255 251 255 0 0 61624266
100 0 52 0 24 0 50 255 250 255 1 0 61842800
128 0 27 0 82 0 49 255 250 255 1 0 61843483
97 0 39 0 91 0 49 255 251 255 1 0 61911038
102 0 41 0 6 0 48 255 252 255 1 0 62134404
130 0 10 0 14 0 46 255 251 255 1 0 62135187
69 0 26 0 23 0 46 255 252 255 1 0 62197794
23 0 39 0 241 255 45 255 252 255 1 0 62427914
209 255 7 0 13 0 44 255 252 255 1 0 62428578
123 255 214 255 250 255 43 255 253 255 1 0 62488578
61 255 224 255 215 255 42 255 253 255 1 0 62701290
97 255 215 255 232 255 41 255 253 255 2 0 62701845
81 255 190 255 198 255 40 255 253 255 2 0 62775355
50 255 240 255 189 255 39 255 253 255 2 0 62993543
144 255 252 255 240 255 37 255 253 255 2 0 62994100
170 255 14 0 249 255 36 255 252 255 2 0 63062059
20 0 218 255 62 0 35 255 251 255 2 0 63288450
15 0 196 255 61 0 34 255 251 255 3 0 63289126
23 0 217 255 37 0 32 255 252 255 2 0 63348801
99 0 227 255 0 0 30 255 252 255 2 0 63563527
142 0 26 0 51 0 29 255 251 255 2 0 63564034
114 0 94 0 72 0 27 255 251 255 1 0 63635558
50 0 118 0 58 0 25 255 251 255 1 0 63799601
80 0 151 0 51 0 23 255 250 255 1 0 63832150
39 0 160 0 37 0 20 255 250 255 1 0 63926451
39 0 176 0 230 255 18 255 250 255 1 0 64150857
40 0 203 0 243 255 16 255 250 255 0 0 64151845
244 255 198 0 16 0 13 255 251 255 0 0 64213104
220 255 176 0 12 0 11 255 251 255 0 0 64382348
248 255 162 0 0 0 8 255 251 255 0 0 64401510
250 255 163 0 37 0 6 255 251 255 0 0 64499882
207 255 98 0 48 0 3 255 252 255 0 0 64680288
199 255 55 0 255 255 0 255 253 255 1 0 64692338
198 255 54 0 234 255 254 254 253 255 1 0 64786627
225 255 91 0 233 255 252 254 253 255 1 0 64967576
221 255 115 0 212 255 250 254 253 255 1 0 64979118
4 0 191 0 8 0 249 254 253 255 0 0 65261312
66 0 216 0 28 0 248 254 253 255 0 0 65262133
72 0 211 0 30 0 248 254 253 255 0 0 65265845
117 0 244 0 8 0 248 254 253 255 0 0 65497579
131 0 22 1 30 0 248 254 253 255 0 0 65498224
84 0 31 1 67 0 248 254 253 255 0 0 65552664
78 0 26 1 51 0 248 254 253 255 1 0 65788076
50 0 221 0 14 0 249 254 253 255 1 0 65788743
29 0 220 0 39 0 249 254 253 255 2 0 65843404
225 255 180 0 29 0 248 254 253 255 2 0 66081492
229 255 65 0 243 255 248 254 253 255 2 0 66082221
244 255 27 0 247 255 248 254 253 255 3 0 66130228
237 255 44 0 251 255 247 254 253 255 3 0 66314506
218 255 92 0 249 255 247 254 253 255 2 0 66322651
228 255 99 0 28 0 247 254 253 255 2 0 66416928
237 255 82 0 22 0 247 254 254 255 2 0 66618285
243 255 65 0 22 0 246 254 254 255 2 0 66618857
213 255 79 0 10 0 246 254 254 255 3 0 66703677
178 255 45 0 246 255 245 254 254 255 3 0 66915440
234 255 214 255 37 0 244 254 254 255 3 0 66916027
210 255 168 255 43 0 244 254 254 255 4 0 66994439
245 255 150 255 14 0 244 254 254 255 4 0 67209433
212 255 188 255 235 255 243 254 255 255 4 0 67210807
10 0 182 255 18 0 243 254 255 255 3 0 67281229
253 255 243 255 234 255 242 254 0 0 3 0 67438289
0 0 25 0 241 255 240 254 0 0 2 0 67473747
238 255 44 0 33 0 239 254 0 0 2 0 67568118
39 0 255 255 60 0 237 254 0 0 3 0 67737534
226 255 50 0 28 0 236 254 0 0 2 0 67760511
198 255 93 0 58 0 235 254 0 0 2 0 67858781
153 255 75 0 42 0 235 254 0 0 2 0 68035766
124 255 93 0 15 0 234 254 0 0 2 0 68047299
129 255 93 0 209 255 235 254 0 0 2 0 68321290
158 255 170 0 187 255 234 254 0 0 2 0 68322103
163 255 194 0 21 0 235 254 0 0 1 0 68334061
132 255 153 0 67 0 235 254 0 0 1 0 68549093
99 255 165 0 55 0 236 254 1 0 2 0 68549782
197 255 220 0 15 0 238 254 1 0 1 0 68624814
252 255 247 0 244 255 241 254 0 0 1 0 68801245
1 0 205 0 22 0 244 254 0 0 1 0 68813250
11 0 187 0 100 0 249 254 0 0 1 0 68911525
209 255 140 0 104 0 253 254 0 0 1 0 69106189
173 255 69 0 49 0 1 255 0 0 1 0 69107044
183 255 1 0 9 0 6 255 0 0 1 0 69198291
193 255 209 255 230 255 10 255 255 255 1 0 69403376
253 255 128 255 249 255 15 255 255 255 1 0 69404167
18 0 108 255 251 255 21 255 254 255 1 0 69489067
13 0 110 255 27 0 26 255 254 255 1 0 69698177
13 0 131 255 31 0 32 255 253 255 1 0 69698634
0 0 154 255 245 255 37 255 253 255 1 0 69771784
33 0 174 255 17 0 42 255 253 255 1 0 69933832
37 0 166 255 30 0 47 255 253 255 1 0 69968357
45 0 119 255 19 0 51 255 253 255 1 0 70062549
116 0 95 255 13 0 56 255 252 255 2 0 70156809
172 0 93 255 254 255 60 255 251 255 2 0 70255113
202 0 96 255 17 0 63 255 250 255 2 0 70481855
238 0 83 255 33 0 67 255 249 255 2 0 70482355
234 0 70 255 68 0 70 255 249 255 3 0 70541847
254 0 52 255 68 0 73 255 248 255 3 0 70778450
29 1 84 255 49 0 76 255 248 255 3 0 70779293
48 1 114 255 20 0 78 255 247 255 2 0 70828599
76 1 87 255 2 0 81 255 247 255 3 0 71073883
71 1 76 255 5 0 83 255 247 255 3 0 71074962
113 1 118 255 36 0 85 255 247 255 2 0 71115316
178 1 140 255 109 0 88 255 246 255 2 0 71354478
73 1 170 255 83 0 90 255 247 255 2 0 71355413
56 1 222 255 71 0 92 255 247 255 2 0 71402052
27 1 220 255 5 0 94 255 247 255 2 0 71589941
23 1 233 255 1 0 95 255 247 255 2 0 71594712
40 1 237 255 246 255 97 255 247 255 2 0 71692919
143 1 231 255 59 0 98 255 246 255 2 0 71886866
126 1 210 255 97 0 99 255 245 255 2 0 71887653
86 1 209 255 58 0 99 255 246 255 2 0 71979679
116 1 169 255 95 0 100 255 245 255 3 0 72180098
60 1 122 255 90 0 100 255 246 255 3 0 72180904
249 0 141 255 11 0 100 255 246 255 3 0 72266446
48 1 147 255 239 255 100 255 247 255 3 0 72473021
68 1 157 255 5 0 101 255 246 255 3 0 72473509
80 1 152 255 1 0 101 255 247 255 4 0 72557208
155 1 110 255 55 0 101 255 246 255 4 0 72710232
78 1 168 255 42 0 102 255 246 255 4 0 72745682
59 1 213 255 249 255 104 255 247 255 4 0 72844041
46 1 174 255 239 255 105 255 247 255 4 0 73007514
59 1 202 255 25 0 105 255 247 255 4 0 73032404
64 1 214 255 108 0 106 255 247 255 3 0 73299461
203 0 20 0 26 0 106 255 248 255 3 0 73300031
213 0 105 0 234 255 108 255 248 255 1 0 73319130
105 1 65 0 74 0 108 255 247 255 0 0 73549169
68 1 14 0 110 0 108 255 246 255 0 0 73550690
240 0 202 255 39 0 108 255 247 255 1 0 73609921
237 255 180 255 212 255 107 255 247 255 1 0 73848166
90 0 105 255 61 0 107 255 249 255 3 0 73849500
106 0 80 255 217 255 109 255 249 255 2 0 73896643
157 0 191 255 225 255 111 255 249 255 2 0 74185352
174 0 163 255 225 255 112 255 249 255 2 0 74185767
242 0 116 255 247 255 112 255 248 255 3 0 74187495
4 1 147 255 14 0 113 255 248 255 3 0 74408686
36 1 178 255 47 0 114 255 247 255 3 0 74409366
18 1 216 255 53 0 115 255 247 255 3 0 74470214
27 1 197 255 27 0 116 255 248 255 3 0 74686225
57 1 149 255 29 0 117 255 248 255 3 0 74686983
53 1 153 255 238 255 118 255 248 255 3 0 74761076
85 1 192 255 51 0 119 255 248 255 3 0 74923969
23 1 189 255 85 0 120 255 248 255 3 0 74949438
28 1 183 255 69 0 120 255 248 255 3 0 75047705
5 1 164 255 42 0 121 255 248 255 3 0 75221743
31 1 180 255 246 255 122 255 247 255 3 0 75240239
8 1 140 255 10 0 123 255 247 255 3 0 75334497
238 0 91 255 7 0 124 255 247 255 4 0 75514318
203 0 124 255 42 0 124 255 246 255 4 0 75527080
134 0 174 255 80 0 124 255 246 255 3 0 75621207
102 0 215 255 75 0 124 255 247 255 3 0 75719506
170 0 244 255 48 0 125 255 247 255 3 0 75813757
205 0 231 255 28 0 125 255 247 255 3 0 76073596
10 1 208 255 1 0 125 255 247 255 3 0 76074405
48 1 230 255 56 0 125 255 246 255 3 0 76104616
14 1 213 255 75 0 125 255 247 255 3 0 76354342
203 0 231 255 75 0 124 255 247 255 3 0 76355698
253 0 232 255 42 0 124 255 248 255 3 0 76391315
95 1 189 255 14 0 124 255 247 255 3 0 76638127
45 1 157 255 3 0 124 255 247 255 3 0 76638632
23 1 146 255 105 0 124 255 247 255 3 0 76873454
239 0 164 255 248 255 124 255 248 255 3 0 76874077
206 0 128 255 227 255 124 255 248 255 3 0 76964836
97 0 145 255 219 255 125 255 249 255 3 0 77175361
13 0 201 255 206 255 125 255 249 255 3 0 77176024
27 0 163 255 6 0 124 255 250 255 3 0 77251566
85 0 128 255 254 255 124 255 249 255 4 0 77464184
92 0 171 255 14 0 123 255 249 255 3 0 77464860
161 0 49 255 42 0 122 255 249 255 4 0 77538243
178 0 13 255 31 0 120 255 248 255 5 0 77743521
204 0 26 255 249 255 118 255 249 255 5 0 77744073
229 0 58 255 38 0 116 255 249 255 4 0 77829112
194 0 97 255 113 0 115 255 249 255 4 0 78025632
176 0 154 255 127 0 113 255 250 255 3 0 78026215
168 0 115 255 106 0 110 255 250 255 4 0 78115859
95 0 162 255 1 0 108 255 251 255 3 0 78261215
113 0 234 255 0 0 106 255 251 255 3 0 78308412
104 0 191 255 215 255 104 255 251 255 3 0 78561555
144 0 253 255 159 255 102 255 251 255 2 0 78562120
162 0 32 0 243 255 101 255 250 255 2 0 78599226
98 0 75 0 13 0 98 255 249 255 2 0 78852495
39 0 93 0 48 0 96 255 250 255 2 0 78852951
114 0 12 0 49 0 94 255 250 255 3 0 78881878
139 0 1 0 14 0 92 255 249 255 3 0 79089316
186 0 247 255 17 0 90 255 249 255 3 0 79090247
180 0 251 255 23 0 89 255 249 255 2 0 79172708
164 0 248 255 48 0 87 255 249 255 2 0 79384389
114 0 25 0 74 0 85 255 249 255 1 0 79385102
140 0 55 0 242 255 83 255 249 255 1 0 79459377
141 0 78 0 209 255 81 255 249 255 1 0 79671574
73 0 99 0 203 255 79 255 249 255 1 0 79672228
17 0 147 0 235 255 77 255 249 255 1 0 79746158
21 0 135 0 76 0 75 255 249 255 1 0 79904717
24 0 132 0 33 0 73 255 249 255 1 0 79938724
248 255 153 0 24 0 71 255 249 255 0 0 80037034
91 0 100 0 0 0 69 255 249 255 1 0 80198850
133 0 30 0 220 255 68 255 248 255 1 0 80225461
170 0 242 255 208 255 67 255 248 255 1 0 80323732
190 0 230 255 4 0 66 255 248 255 1 0 80417926
139 0 26 0 83 0 64 255 249 255 0 0 80512134
92 0 96 0 4 0 63 255 250 255 0 0 80767131
79 0 169 0 242 255 63 255 250 255 255 255 80767587
24 0 119 0 76 255 62 255 249 255 255 255 80798877
190 255 101 0 21 0 60 255 250 255 0 0 81010911
222 255 93 0 200 255 59 255 250 255 0 0 81011382
14 0 106 0 169 255 59 255 249 255 0 0 81085606
48 0 144 0 215 255 58 255 248 255 0 0 81266043
37 0 159 0 252 255 57 255 248 255 0 0 81278212
44 0 116 0 26 0 56 255 248 255 0 0 81376542
104 0 63 0 98 0 56 255 247 255 0 0 81559402
53 0 106 0 13 0 56 255 248 255 1 0 81569036
82 0 177 0 241 255 57 255 247 255 0 0 81663221
158 0 169 0 42 0 57 255 247 255 1 0 81857363
148 0 159 0 149 0 58 255 246 255 1 0 81858012
147 0 183 0 203 0 59 255 247 255 1 0 81950040
242 255 168 0 119 0 60 255 248 255 0 0 82152995
226 255 43 0 2 0 60 255 250 255 1 0 82153916
1 0 239 255 209 255 60 255 250 255 2 0 82240798
223 255 217 255 165 255 61 255 251 255 2 0 82335043
172 255 220 255 174 255 62 255 251 255 2 0 82433288
122 255 213 255 228 255 62 255 252 255 3 0 82664771
62 255 208 255 237 255 63 255 253 255 3 0 82665452
15 255 200 255 220 255 63 255 254 255 3 0 82720059
54 255 177 255 209 255 64 255 254 255 3 0 82962962
105 255 194 255 232 255 65 255 254 255 3 0 82963620
137 255 200 255 252 255 65 255 254 255 3 0 83006817
180 255 211 255 17 0 65 255 254 255 3 0 83198291
220 255 15 0 247 255 66 255 254 255 2 0 83199270
211 255 19 0 0 0 66 255 254 255 2 0 83293534
242 255 244 255 236 255 67 255 254 255 2 0 83494799
31 0 21 0 223 255 68 255 255 255 2 0 83495682
52 0 115 0 5 0 70 255 255 255 0 0 83580259
50 0 80 0 29 0 71 255 254 255 0 0 83781878
6 0 87 0 37 0 72 255 254 255 0 0 83782477
239 255 60 0 8 0 73 255 254 255 0 0 83871142
246 255 250 255 26 0 75 255 254 255 1 0 84064281
230 255 210 255 1 0 77 255 254 255 1 0 84065046
194 255 169 255 189 255 79 255 254 255 2 0 84343454
203 255 177 255 239 255 82 255 253 255 2 0 84344142
134 255 222 255 32 0 85 255 254 255 2 0 84346243
208 255 245 255 60 0 88 255 255 255 2 0 84568149
24 0 42 0 48 0 92 255 254 255 2 0 84568706
46 0 40 0 44 0 98 255 254 255 1 0 84637107
62 0 12 0 42 0 103 255 254 255 1 0 84863037
77 0 203 255 59 0 108 255 254 255 2 0 84863741
109 0 130 255 62 0 114 255 253 255 3 0 84923828
148 0 100 255 45 0 120 255 253 255 4 0 85146044
123 0 234 254 62 0 126 255 252 255 5 0 85146431
149 0 183 254 247 255 130 255 253 255 6 0 85210621
192 0 223 254 232 255 135 255 252 255 5 0 85381450
183 0 7 255 225 255 139 255 253 255 5 0 85403102
216 0 21 255 230 255 144 255 252 255 5 0 85497349
24 1 1 255 221 255 149 255 252 255 4 0 85675471
88 1 252 254 218 255 154 255 251 255 4 0 85689845
117 1 228 254 199 255 160 255 250 255 4 0 85956417
219 1 168 254 222 255 164 255 249 255 4 0 85957011
217 1 152 254 30 0 169 255 248 255 4 0 85980650
251 1 187 254 26 0 174 255 248 255 3 0 86190462
207 1 213 254 229 255 178 255 248 255 2 0 86190973
185 1 171 254 14 0 183 255 248 255 3 0 86267448
241 1 197 254 121 0 187 255 247 255 2 0 86485373
226 1 218 254 163 0 190 255 246 255 2 0 86485914
157 1 45 255 79 0 193 255 247 255 1 0 86554127
136 1 128 255 22 0 197 255 247 255 0 0 86758272
60 1 159 255 41 0 200 255 247 255 0 0 86759456
239 0 166 255 27 0 202 255 248 255 0 0 86840920
255 0 202 255 57 0 206 255 248 255 0 0 87041178
30 1 239 255 35 0 210 255 248 255 0 0 87041829
76 1 200 255 57 0 213 255 247 255 0 0 87278434
135 1 176 255 44 0 217 255 247 255 0 0 87279648
159 1 207 255 13 0 221 255 247 255 0 0 87324210
154 1 239 255 0 0 225 255 247 255 0 0 87561832
126 1 16 0 64 0 229 255 247 255 0 0 87562490
57 1 32 0 157 0 232 255 248 255 0 0 87611218
91 1 227 255 107 0 235 255 248 255 0 0 87845770
90 1 177 255 104 0 237 255 249 255 0 0 87846295
74 1 100 255 18 0 241 255 249 255 1 0 87897717
89 1 99 255 196 255 244 255 249 255 1 0 88127169
120 1 94 255 201 255 248 255 249 255 1 0 88129064
137 1 73 255 221 255 253 255 249 255 1 0 88184437
21 1 206 255 56 0 4 0 248 255 0 0 88377041
251 0 133 255 97 0 7 0 249 255 1 0 88471166
68 1 61 255 1 0 10 0 249 255 2 0 88647923
105 1 105 255 243 255 14 0 248 255 2 0 88663743
146 1 174 255 15 0 17 0 248 255 1 0 88940520
217 1 142 255 37 0 20 0 248 255 1 0 88941260
6 2 122 255 34 0 22 0 247 255 2 0 88950540
252 1 135 255 19 0 23 0 248 255 1 0 89176138
43 2 103 255 71 0 25 0 247 255 2 0 89177630
254 1 179 255 97 0 27 0 247 255 1 0 89237263
152 1 199 255 118 0 29 0 248 255 1 0 89466992
29 1 11 0 73 0 32 0 248 255 1 0 89467970
166 0 28 0 234 255 35 0 250 255 0 0 89528068
220 0 141 0 29 0 43 0 249 255 255 255 89720525
201 0 138 0 82 0 48 0 249 255 255 255 89814817
231 0 117 0 49 0 53 0 249 255 255 255 89989674
21 1 147 0 99 0 58 0 249 255 255 255 90007288
58 1 171 0 47 0 63 0 250 255 255 255 90280909
53 1 137 0 6 0 69 0 251 255 255 255 90281563
43 1 124 0 78 0 75 0 251 255 254 255 90294061
25 1 43 0 124 0 80 0 251 255 255 255 90516623
205 0 196 255 49 0 86 0 251 255 0 0 90517588
203 0 5 0 34 0 93 0 252 255 0 0 90580811
243 0 17 0 10 0 100 0 252 255 0 0 90806425
242 0 44 0 18 0 106 0 252 255 0 0 90807319
251 0 65 0 26 0 112 0 252 255 0 0 90867604
26 1 101 0 235 255 118 0 252 255 0 0 91042974
151 1 123 0 201 255 124 0 252 255 255 255 91060112
177 1 136 0 247 255 131 0 251 255 254 255 91158319
174 1 77 0 30 0 136 0 250 255 254 255 91335641
199 1 181 255 45 0 142 0 249 255 255 255 91350866
164 1 180 255 34 0 148 0 249 255 255 255 91570406
165 1 244 255 217 255 154 0 249 255 255 255 91571636
242 1 26 0 6 0 160 0 249 255 255 255 91637657
234 1 34 0 54 0 165 0 248 255 255 255 91865154
189 1 12 0 52 0 170 0 248 255 255 255 91865669
225 1 224 255 49 0 175 0 248 255 0 0 91924310
31 2 232 255 9 0 179 0 247 255 0 0 92100734
58 2 15 0 246 255 184 0 247 255 255 255 92116850
9 2 67 0 55 0 188 0 247 255 255 255 92211106
215 1 171 0 163 0 191 0 247 255 254 255 92434674
130 1 206 0 168 0 194 0 248 255 254 255 92435315
97 1 109 0 82 0 196 0 249 255 255 255 92501915
55 1 116 0 39 0 199 0 249 255 255 255 92658030
229 0 224 0 182 255 202 0 250 255 254 255 92690455
200 0 215 0 194 255 205 0 250 255 254 255 92961691
255 0 200 0 240 255 208 0 250 255 254 255 92962313
63 1 199 0 236 255 211 0 250 255 255 255 92981229
103 1 231 0 47 0 215 0 250 255 255 255 93197953
151 1 248 0 49 0 218 0 250 255 0 0 93198642
168 1 218 0 74 0 220 0 250 255 0 0 93267900
145 1 189 0 41 0 223 0 251 255 0 0 93487936
213 1 146 0 60 0 226 0 251 255 0 0 93488476
18 2 95 0 177 0 229 0 250 255 0 0 93554671
220 1 116 0 103 0 232 0 250 255 0 0 93716911
138 1 149 0 226 255 236 0 251 255 0 0 93747182
55 2 112 0 29 0 238 0 249 255 0 0 93841463
248 1 39 0 37 0 241 0 249 255 0 0 94007583
142 1 55 0 14 0 243 0 250 255 0 0 94033961
167 1 50 0 59 0 246 0 249 255 1 0 94241906
93 1 80 0 220 255 249 0 250 255 1 0 94242369
11 1 41 0 189 255 252 0 250 255 1 0 94320696
192 0 8 0 227 255 254 0 250 255 1 0 94542539
181 0 32 0 198 255 2 1 251 255 1 0 94543321
43 1 13 0 166 255 6 1 251 255 0 0 94607428
157 1 84 0 230 255 9 1 249 255 0 0 94826474
119 1 205 0 31 0 12 1 248 255 0 0 94827069
167 1 82 0 53 0 14 1 249 255 0 0 94898227
169 1 53 0 92 0 16 1 248 255 0 0 95061299
213 1 97 0 226 0 17 1 248 255 0 0 95086712
183 1 137 0 208 0 18 1 248 255 0 0 95356338
70 1 135 0 64 0 18 1 249 255 0 0 95356891
90 1 148 0 240 255 18 1 249 255 0 0 95377483
47 1 142 0 185 255 18 1 249 255 0 0 95638168
236 0 169 0 191 255 18 1 249 255 0 0 95639280
230 0 196 0 52 0 17 1 249 255 0 0 95664246
219 0 20 1 84 0 17 1 249 255 0 0 95858340
10 1 201 0 48 0 17 1 249 255 0 0 95859226
45 1 146 0 36 0 17 1 249 255 1 0 95950971
77 1 149 0 245 255 17 1 249 255 1 0 96152309
146 1 127 0 238 255 17 1 249 255 1 0 96152993
104 1 72 0 11 0 17 1 249 255 1 0 96237759
216 1 32 0 147 0 16 1 248 255 2 0 96429777
107 1 176 0 175 0 17 1 249 255 1 0 96430474
206 0 208 0 105 0 17 1 251 255 0 0 96665214
167 0 146 0 252 255 16 1 251 255 0 0 96666865
58 0 131 0 168 255 15 1 252 255 1 0 96721031
65 0 145 0 177 255 14 1 252 255 0 0 96948190
153 0 115 0 224 255 13 1 252 255 1 0 96949053
208 0 33 0 233 255 11 1 251 255 2 0 97007806
237 0 9 0 218 255 9 1 250 255 2 0 97232491
27 1 52 0 228 255 7 1 250 255 3 0 97233148
232 0 20 0 154 255 4 1 250 255 3 0 97294545
40 1 34 0 238 255 1 1 250 255 2 0 97456056
74 1 98 0 131 0 254 0 250 255 1 0 97487081
17 1 52 0 147 0 251 0 250 255 2 0 97581292
200 0 172 0 36 0 249 0 251 255 1 0 97748547
130 0 47 1 245 255 246 0 251 255 0 0 97773832
150 0 15 1 222 255 243 0 251 255 0 0 98031566
154 0 252 0 202 255 240 0 250 255 0 0 98032244
173 0 36 1 255 255 236 0 250 255 0 0 98060578
192 0 49 1 131 0 233 0 250 255 255 255 98270943
238 0 254 0 90 0 230 0 249 255 0 0 98271563
196 0 57 1 47 0 227 0 250 255 0 0 98351382
27 1 75 1 235 255 225 0 250 255 0 0 98559028
78 1 51 1 233 255 222 0 250 255 0 0 98559608
86 1 194 0 14 0 221 0 250 255 0 0 98634069
203 1 176 0 114 0 219 0 249 255 0 0 98791780
38 1 15 1 78 0 218 0 249 255 255 255 98826559
20 1 232 0 48 0 216 0 249 255 0 0 99081108
39 1 181 0 60 0 214 0 249 255 0 0 99081566
213 0 194 0 11 0 213 0 250 255 0 0 99117383
146 0 170 0 26 0 212 0 250 255 0 0 99365888
46 0 106 0 3 0 211 0 251 255 0 0 99366655
246 255 36 0 36 0 210 0 251 255 1 0 99404112
223 255 245 255 29 0 209 0 251 255 2 0 99597027
38 0 251 255 1 0 208 0 251 255 2 0 99597496
100 0 8 0 5 0 208 0 251 255 2 0 99690845
168 0 254 255 180 255 207 0 250 255 3 0 99884905
224 0 52 0 181 255 205 0 249 255 2 0 99885502
28 1 35 0 213 255 204 0 250 255 2 0 100112113
105 1 60 0 45 0 203 0 249 255 1 0 100112592
119 1 97 0 119 0 201 0 249 255 1 0 100170128
195 0 83 0 82 0 199 0 250 255 1 0 100402882
216 0 78 0 222 255 197 0 250 255 0 0 100637688
195 0 96 0 206 255 197 0 250 255 0 0 100649369
137 0 127 0 215 255 196 0 250 255 0 0 100747649
128 0 142 0 5 0 196 0 250 255 0 0 100926084
84 0 218 0 18 0 196 0 250 255 0 0 100940239
123 0 191 0 21 0 196 0 250 255 0 0 101207864
197 0 158 0 22 0 196 0 250 255 0 0 101208438
25 1 140 0 21 0 196 0 250 255 0 0 101222913
75 1 120 0 41 0 196 0 249 255 1 0 101433512
30 1 100 0 61 0 196 0 249 255 1 0 101434076
174 0 90 0 68 0 197 0 250 255 1 0 101513685
187 0 82 0 60 0 197 0 251 255 1 0 101725955
161 0 123 0 2 0 197 0 251 255 1 0 101726642
135 0 125 0 237 255 198 0 252 255 1 0 101800503
110 0 26 0 205 255 197 0 252 255 1 0 101961362
247 255 233 255 223 255 197 0 252 255 2 0 101992983
219 255 211 255 213 255 197 0 252 255 2 0 102247470
249 255 221 255 205 255 198 0 252 255 2 0 102249181
46 0 11 0 10 0 198 0 251 255 2 0 102279702
109 0 249 255 248 255 198 0 251 255 2 0 102484260
220 0 216 255 239 255 198 0 250 255 3 0 102484925
213 0 201 255 23 0 198 0 249 255 3 0 102566466
192 0 202 255 89 0 197 0 249 255 3 0 102770392
172 0 246 255 133 0 196 0 249 255 3 0 102771109
181 0 2 0 143 0 196 0 249 255 3 0 102853180
63 0 25 0 116 0 195 0 250 255 2 0 103004585
229 255 93 0 61 0 195 0 252 255 2 0 103049793
188 255 115 0 166 255 194 0 253 255 2 0 103297189
201 255 173 0 190 255 194 0 252 255 1 0 103297848
141 255 232 0 188 255 193 0 253 255 1 0 103336519
199 255 210 0 231 255 192 0 253 255 1 0 103534290
1 0 155 0 220 255 192 0 252 255 1 0 103534853
52 0 174 0 249 255 191 0 252 255 1 0 103623246
126 0 125 0 240 255 191 0 252 255 1 0 103874494
236 0 114 0 11 0 191 0 252 255 1 0 103875358
24 1 144 0 128 0 191 0 251 255 1 0 103910100
180 0 123 0 135 0 191 0 251 255 1 0 104101349
182 0 126 0 95 0 191 0 252 255 0 0 104102549
88 0 113 0 24 0 192 0 252 255 0 0 104333953
81 0 123 0 12 0 192 0 253 255 0 0 104334753
69 0 137 0 228 255 192 0 253 255 0 0 104389262
192 255 121 0 173 255 192 0 254 255 0 0 104623157
147 255 103 0 219 255 192 0 255 255 0 0 104624843
167 255 81 0 181 255 193 0 255 255 0 0 104680141
239 255 71 0 148 255 194 0 254 255 0 0 104856135
53 0 32 0 225 255 194 0 253 255 0 0 104868564
4 0 254 255 244 255 194 0 253 255 0 0 104966822
51 0 23 0 242 255 195 0 252 255 1 0 105061136
80 0 49 0 14 0 196 0 252 255 0 0 105155297
142 0 91 0 6 0 197 0 252 255 0 0 105412980
99 0 124 0 33 0 197 0 252 255 0 0 105413590
87 0 159 0 87 0 197 0 252 255 0 0 105446115
96 0 109 0 89 0 197 0 252 255 0 0 105683681
51 0 117 0 65 0 198 0 252 255 0 0 105684251
1 0 124 0 26 0 197 0 252 255 0 0 105732880
248 255 122 0 7 0 197 0 252 255 0 0 105859942
203 255 85 0 243 255 196 0 253 255 0 0 105925407
174 255 49 0 216 255 196 0 253 255 0 0 106167049
219 255 100 0 184 255 196 0 253 255 0 0 106167750
242 255 114 0 212 255 196 0 253 255 0 0 106212127
255 255 66 0 234 255 196 0 253 255 0 0 106452878
42 0 105 0 228 255 196 0 253 255 0 0 106454000
122 0 143 0 250 255 197 0 253 255 0 0 106498795
95 0 172 0 31 0 199 0 252 255 255 255 106680300
103 0 198 0 21 0 201 0 253 255 255 255 106691370
140 0 208 0 52 0 204 0 253 255 255 255 106785669
93 0 164 0 42 0 207 0 253 255 254 255 106971470
17 0 111 0 73 0 211 0 254 255 254 255 106978119
25 0 1 0 51 0 220 0 255 255 0 0 107242150
7 0 253 255 44 0 225 0 255 255 0 0 107264895
9 0 174 255 32 0 229 0 255 255 0 0 107464733
65 0 116 255 2 0 234 0 255 255 1 0 107465515
92 0 108 255 31 0 239 0 254 255 1 0 107551633
55 0 97 255 19 0 245 0 254 255 2 0 107699140
27 0 82 255 1 0 250 0 254 255 2 0 107744090
248 255 43 255 43 0 0 1 254 255 3 0 107987090
29 0 19 255 29 0 5 1 254 255 3 0 107987469
147 0 162 254 226 255 11 1 253 255 4 0 108034953
228 0 97 254 1 0 16 1 252 255 4 0 108221030
41 1 110 254 46 0 21 1 251 255 4 0 108227470
246 0 129 254 55 0 25 1 251 255 3 0 108321700
133 0 12 255 218 255 29 1 253 255 2 0 108515163
185 0 127 255 182 255 32 1 253 255 1 0 108515959
187 0 129 255 176 255 36 1 253 255 2 0 108745490
20 1 41 0 1 0 40 1 253 255 1 0 108746052
58 1 129 0 48 0 45 1 252 255 0 0 108800944
89 1 158 0 114 0 49 1 251 255 0 0 109034147
46 1 139 0 116 0 53 1 252 255 0 0 109034612
211 0 69 0 152 0 199 254 252 255 0 0 109087687
229 0 0 0 131 0 204 254 252 255 1 0 109259158
203 0 225 255 8 0 210 254 253 255 1 0 109280185
228 0 167 255 230 255 215 254 253 255 2 0 109554715
40 1 115 255 163 255 221 254 253 255 2 0 109555421
97 1 87 255 180 255 227 254 251 255 2 0 109566997
125 1 54 255 242 255 232 254 251 255 2 0 109778988
172 1 54 255 10 0 238 254 250 255 2 0 109779555
171 1 51 255 56 0 243 254 249 255 2 0 109853770
155 1 245 254 52 0 248 254 249 255 2 0 110014156
175 1 233 254 15 0 253 254 249 255 3 0 110046229
228 1 252 254 244 255 1 255 248 255 3 0 110140600
21 2 62 255 254 255 6 255 248 255 3 0 110307492
37 2 125 255 15 0 11 255 247 255 3 0 110337046
12 2 151 255 63 0 15 255 246 255 3 0 110592222
248 1 140 255 123 0 18 255 246 255 3 0 110592994
229 1 133 255 121 0 20 255 246 255 4 0 110623822
21 2 102 255 45 0 22 255 246 255 4 0 110823949
121 2 104 255 41 0 25 255 246 255 3 0 110824546
163 2 116 255 28 0 27 255 245 255 3 0 110910489
192 2 42 255 76 0 28 255 245 255 3 0 111110440
157 2 240 254 96 0 30 255 245 255 3 0 111111152
62 2 30 255 101 0 30 255 245 255 4 0 111343665
93 2 156 255 135 0 31 255 246 255 3 0 111344428
20 2 7 0 85 0 32 255 246 255 1 0 111389760
223 1 53 0 34 0 33 255 247 255 0 0 111576003
251 1 37 0 251 255 33 255 247 255 0 0 111582307
206 1 44 0 250 255 33 255 247 255 0 0 111676531
186 1 146 0 236 255 33 255 248 255 0 0 111869782
138 1 227 0 245 255 33 255 248 255 0 0 111870248
196 1 3 1 255 255 34 255 249 255 0 0 112104971
248 1 141 0 39 0 34 255 248 255 0 0 112105628
232 1 111 0 65 0 34 255 248 255 0 0 112155755
0 2 83 0 120 0 35 255 248 255 0 0 112396496
184 1 38 0 38 0 35 255 249 255 1 0 112397103
173 1 18 0 58 0 36 255 249 255 1 0 112446601
239 1 56 0 69 0 36 255 248 255 1 0 112629547
69 1 77 0 224 255 36 255 249 255 1 0 112635059
94 1 6 0 199 255 35 255 249 255 1 0 112733346
33 1 252 255 9 0 35 255 249 255 2 0 112924644
194 0 221 255 28 0 35 255 249 255 2 0 112925829
141 0 230 255 36 0 35 255 250 255 2 0 113098295
101 0 229 255 237 255 35 255 251 255 2 0 113118416
172 0 253 255 37 0 36 255 250 255 2 0 113212591
204 0 198 255 49 0 35 255 250 255 3 0 113404591
53 1 127 255 27 0 34 255 250 255 4 0 113405094
103 1 82 255 240 255 34 255 250 255 4 0 113499343
167 1 97 255 0 0 33 255 250 255 4 0 113640980
173 1 161 255 25 0 32 255 249 255 4 0 113691883
237 1 187 255 139 0 31 255 249 255 3 0 113929044
205 1 175 255 165 0 30 255 249 255 3 0 113930331
77 1 229 255 53 0 29 255 250 255 3 0 113978636
21 1 3 0 9 0 29 255 250 255 2 0 114166055
45 1 37 0 194 255 28 255 250 255 2 0 114171152
11 1 52 0 196 255 26 255 250 255 2 0 114265413
8 1 115 0 239 255 25 255 250 255 2 0 114455408
213 0 194 0 246 255 23 255 250 255 1 0 114457990
236 0 6 1 70 0 22 255 251 255 0 0 114690009
20 1 137 0 64 0 20 255 250 255 1 0 114690789
241 0 144 0 239 255 19 255 251 255 1 0 114744683
105 1 169 0 23 0 18 255 250 255 1 0 114973917
81 1 88 0 67 0 17 255 249 255 2 0 114974802
7 1 25 0 79 0 17 255 250 255 2 0 115031539
39 1 245 255 80 0 16 255 249 255 2 0 115164132
135 0 10 0 21 0 16 255 250 255 2 0 115228075
62 0 23 0 2 0 15 255 251 255 1 0 115461192
77 0 236 255 208 255 14 255 251 255 2 0 115461761
66 0 227 255 190 255 12 255 250 255 2 0 115510631
79 0 20 0 222 255 11 255 250 255 2 0 115750388
57 0 31 0 255 255 9 255 250 255 2 0 115750932
237 255 7 0 253 255 7 255 251 255 2 0 115801393
76 0 249 255 235 255 6 255 251 255 3 0 115984988
90 0 222 255 20 0 5 255 250 255 3 0 115993967
83 0 239 255 33 0 4 255 251 255 3 0 116268073
63 0 226 255 8 0 3 255 251 255 2 0 116269622
98 0 228 255 237 255 1 255 251 255 2 0 116280751
110 0 210 255 230 255 254 254 251 255 3 0 116501552
104 0 191 255 245 255 252 254 251 255 3 0 116502002
89 0 186 255 48 0 249 254 250 255 3 0 116567428
87 0 200 255 32 0 247 254 251 255 3 0 116734796
135 0 220 255 238 255 244 254 250 255 3 0 116760057
163 0 211 255 201 255 241 254 249 255 2 0 116854174
177 0 200 255 229 255 237 254 248 255 2 0 117024897
87 0 238 255 19 0 233 254 248 255 2 0 117046757
32 0 221 255 5 0 228 254 250 255 2 0 117249897
116 0 216 255 234 255 223 254 249 255 3 0 117250341
129 0 73 0 0 0 219 254 249 255 2 0 117333485
169 0 118 0 229 255 215 254 249 255 2 0 117543894
160 0 118 0 228 255 207 254 249 255 1 0 117624329
178 0 96 0 3 0 202 254 249 255 1 0 117775311
234 0 108 0 15 0 57 1 249 255 1 0 117812732
32 1 104 0 96 0 53 1 248 255 1 0 118119482
19 1 100 0 95 0 49 1 248 255 1 0 118119970
241 0 107 0 60 0 45 1 248 255 2 0 118120386
223 0 135 0 48 0 41 1 248 255 2 0 118291854
184 0 137 0 18 0 38 1 249 255 2 0 118292421
143 0 117 0 46 0 34 1 249 255 2 0 118390276
70 0 75 0 34 0 31 1 249 255 2 0 118586098
39 0 35 0 69 0 27 1 249 255 3 0 118586481
236 255 216 255 25 0 23 1 250 255 4 0 118811410
37 0 204 255 255 255 20 1 250 255 5 0 118812049
84 0 214 255 216 255 16 1 250 255 5 0 118869542
138 0 26 0 207 255 12 1 250 255 4 0 119106333
161 0 30 0 10 0 8 1 250 255 4 0 119108047
150 0 232 255 0 0 4 1 250 255 4 0 119156375
200 0 223 255 233 255 1 1 250 255 4 0 119330619
233 0 193 255 3 0 253 0 250 255 4 0 119348771
254 0 122 255 49 0 248 0 250 255 5 0 119562862
22 1 78 255 64 0 244 0 249 255 6 0 119563369
214 0 119 255 45 0 240 0 249 255 6 0 119635512
146 0 247 255 50 0 235 0 249 255 5 0 119852944
75 0 48 0 77 0 230 0 250 255 4 0 119853412
15 0 130 0 4 0 225 0 250 255 4 0 119926413
244 255 28 1 130 255 220 0 251 255 2 0 120038175
46 0 246 0 200 255 207 0 250 255 2 0 120345091
252 255 18 1 235 255 201 0 250 255 2 0 120345710
191 255 122 1 212 255 195 0 251 255 0 0 120401522
155 255 172 1 36 0 189 0 251 255 0 0 120632994
55 0 139 1 231 255 183 0 252 255 0 0 120633645
215 0 98 1 255 255 177 0 251 255 0 0 120692400
32 1 64 1 32 0 172 0 250 255 0 0 120856250
53 1 60 1 70 0 167 0 249 255 0 0 120880836
222 0 100 1 18 0 158 0 250 255 0 0 121134594
151 0 127 1 105 0 154 0 250 255 0 0 121171659
163 0 146 1 143 0 149 0 250 255 0 0 121359150
205 255 40 2 42 0 141 0 253 255 254 255 121458396
6 0 10 2 225 255 137 0 253 255 254 255 121596737
187 255 38 2 198 255 134 0 253 255 254 255 121650926
255 255 66 2 229 255 131 0 252 255 253 255 121882954
0 0 51 2 59 0 128 0 252 255 253 255 121883419
26 0 26 2 41 0 125 0 252 255 253 255 121937622
116 0 227 1 234 255 122 0 252 255 254 255 122115739
221 0 206 1 207 255 120 0 251 255 254 255 122130198
32 1 159 1 239 255 118 0 250 255 254 255 122352151
70 1 143 1 43 0 116 0 250 255 254 255 122352905
213 0 141 1 108 0 113 0 251 255 254 255 122416925
249 0 143 1 122 0 111 0 251 255 253 255 122640177
30 1 94 1 131 0 108 0 251 255 253 255 122640741
185 0 31 1 12 0 105 0 251 255 254 255 122703701
210 0 25 1 234 255 103 0 251 255 254 255 122875446
172 0 68 1 15 0 101 0 251 255 254 255 122896200
83 0 111 1 30 0 98 0 251 255 254 255 123110157
130 0 128 1 28 0 97 0 252 255 254 255 123110723
172 0 129 1 50 0 97 0 251 255 255 255 123182962
47 1 175 1 145 0 97 0 251 255 254 255 123399817
76 1 210 1 98 0 98 0 250 255 254 255 123400279
99 1 211 1 77 0 101 0 249 255 254 255 123473826
8 1 203 1 151 0 103 0 250 255 254 255 123567972
146 0 158 1 155 0 105 0 251 255 254 255 123662203
200 255 20 1 250 255 107 0 252 255 255 255 123901911
132 255 217 0 156 255 109 0 253 255 255 255 123902615
152 255 208 0 134 255 111 0 254 255 255 255 123948944
146 255 230 0 46 255 113 0 254 255 255 255 124125767
233 255 195 0 127 255 114 0 253 255 255 255 124145520
101 0 173 0 221 255 115 0 252 255 255 255 124362423
113 0 201 0 224 255 117 0 251 255 255 255 124363487
113 0 207 0 227 255 118 0 252 255 255 255 124432288
157 0 229 0 101 0 119 0 252 255 254 255 124650490
93 0 2 1 156 0 120 0 252 255 254 255 124651166
64 0 230 0 117 0 122 0 253 255 254 255 124719083
5 0 192 0 112 0 124 0 253 255 254 255 124875455
41 255 207 0 227 255 128 0 255 255 254 255 125155805
159 255 118 0 208 255 131 0 254 255 255 255 125156858
255 255 94 0 210 255 134 0 254 255 255 255 125198285
24 0 100 0 225 255 137 0 254 255 255 255 125379058
69 0 128 0 199 255 141 0 254 255 0 0 125390786
137 0 209 0 177 255 146 0 253 255 0 0 125614738
108 0 210 0 97 0 151 0 252 255 0 0 125615243
25 0 245 0 149 0 155 0 252 255 0 0 125677544
183 255 161 0 86 0 158 0 253 255 0 0 125899300
204 255 93 0 239 255 162 0 253 255 0 0 125900129
175 255 97 0 204 255 165 0 253 255 0 0 125964249
211 255 49 0 224 255 168 0 253 255 0 0 126132224
99 255 251 255 24 0 171 0 253 255 0 0 126156789
88 255 28 0 255 255 173 0 254 255 1 0 126414444
194 255 20 0 8 0 175 0 254 255 1 0 126415080
235 255 232 255 5 0 177 0 252 255 1 0 126443562
43 0 181 255 41 0 178 0 251 255 1 0 126640831
103 0 195 255 59 0 179 0 251 255 1 0 126641325
159 0 239 255 223 255 181 0 252 255 0 0 126877912
230 0 234 255 165 255 181 0 251 255 0 0 126878978
34 1 204 255 251 255 181 0 250 255 1 0 126922835
238 0 48 0 182 0 181 0 252 255 0 0 127154084
131 0 66 0 63 0 181 0 253 255 0 0 127154957
85 0 164 0 247 255 181 0 253 255 0 0 127213620
69 0 221 0 189 255 181 0 253 255 0 0 127386524
127 0 251 0 238 255 181 0 251 255 0 0 127402054
109 0 220 0 243 255 181 0 251 255 0 0 127666264
155 0 155 0 43 0 180 0 250 255 0 0 127667116
146 0 136 0 49 0 181 0 250 255 0 0 127692921
170 0 185 0 3 0 182 0 251 255 0 0 127886745
237 0 195 0 21 0 182 0 250 255 0 0 127887177
167 0 121 0 10 0 183 0 250 255 0 0 127979666
250 0 96 0 121 0 184 0 250 255 0 0 128127934
191 0 179 0 142 0 184 0 250 255 0 0 128172113
95 0 206 0 85 0 185 0 250 255 0 0 128416635
249 255 218 0 9 0 185 0 251 255 255 255 128417315
215 255 156 0 184 255 185 0 252 255 0 0 128458913
146 255 63 0 152 255 185 0 252 255 0 0 128642538
120 255 82 0 192 255 185 0 253 255 0 0 128651432
101 255 100 0 179 255 185 0 253 255 0 0 128924872
162 255 147 0 172 255 185 0 253 255 0 0 128925420
68 0 229 255 197 255 185 0 252 255 0 0 129149939
226 0 175 255 201 255 185 0 252 255 0 0 129150831
66 1 149 255 211 255 184 0 252 255 1 0 129224929
143 1 148 255 24 0 183 0 251 255 1 0 129383775
114 1 202 255 76 0 183 0 251 255 1 0 129417430
75 1 78 0 8 1 182 0 250 255 1 0 129670098
69 0 75 0 235 0 181 0 251 255 0 0 129670493
223 255 160 0 65 0 180 0 252 255 0 0 129704145
90 255 117 0 184 255 179 0 253 255 0 0 129896618
59 255 92 0 121 255 180 0 253 255 0 0 130131063
124 255 70 0 78 255 181 0 253 255 1 0 130132190
244 255 98 0 190 255 182 0 251 255 1 0 130183469
119 0 136 0 49 0 182 0 250 255 1 0 130420496
178 0 96 0 30 0 183 0 249 255 1 0 130421039
5 1 83 0 5 0 184 0 249 255 2 0 130474249
36 1 64 0 57 0 186 0 249 255 2 0 130649004
49 1 40 0 93 0 188 0 249 255 2 0 130662816
68 1 61 0 199 0 189 0 250 255 2 0 130929490
166 0 126 0 156 0 190 0 251 255 1 0 130929992
64 0 75 0 56 0 191 0 252 255 1 0 130949522
212 255 55 0 21 0 192 0 253 255 1 0 131154320
142 255 6 0 178 255 192 0 254 255 2 0 131155148
178 255 241 255 135 255 193 0 254 255 2 0 131387120
244 255 251 255 174 255 194 0 253 255 2 0 131387465
26 0 234 255 10 0 194 0 252 255 2 0 131428670
78 0 198 255 216 255 194 0 253 255 2 0 131621471
168 0 190 255 180 255 194 0 252 255 2 0 131621960
22 1 211 255 213 255 193 0 251 255 2 0 131719547
249 0 244 255 232 255 193 0 251 255 2 0 131866343
247 0 6 0 150 0 192 0 251 255 1 0 131907974
38 0 87 0 167 0 192 0 251 255 1 0 132148765
6 255 80 0 66 0 191 0 254 255 1 0 132149552
202 254 28 0 253 255 190 0 255 255 1 0 132198807
172 255 22 0 36 0 190 0 255 255 1 0 132383032
206 255 71 0 254 255 190 0 255 255 1 0 132391311
21 0 195 0 227 255 191 0 254 255 0 0 132667600
87 0 112 0 154 255 191 0 255 255 0 0 132668914
201 0 43 0 225 255 192 0 253 255 1 0 132678054
167 0 9 0 104 0 192 0 253 255 1 0 132893624
127 0 36 0 223 0 192 0 252 255 1 0 132893997
125 255 86 0 96 0 192 0 253 255 1 0 132964729
138 255 37 0 34 0 192 0 254 255 1 0 133125177
92 255 99 0 183 255 192 0 254 255 0 0 133157302
142 255 48 0 153 255 193 0 254 255 0 0 133410606
53 0 225 255 187 255 192 0 253 255 0 0 133411166
100 0 149 255 176 255 191 0 253 255 1 0 133444101
178 0 73 255 124 255 190 0 252 255 2 0 133635758
210 0 102 255 113 255 189 0 253 255 2 0 133636554
141 0 157 255 19 0 189 0 253 255 2 0 133867886
23 0 108 0 11 1 189 0 253 255 0 0 133868262
120 255 236 0 20 1 187 0 255 255 255 255 133923301
82 255 145 0 119 0 186 0 255 255 255 255 134106347
247 254 141 0 207 255 185 0 0 0 255 255 134115859
6 255 184 0 185 255 184 0 0 0 0 0 134210046
72 255 180 0 204 255 183 0 0 0 0 0 134390146
152 255 169 0 180 255 183 0 255 255 0 0 134402603
23 0 172 0 214 255 182 0 254 255 0 0 134612942
203 0 157 0 11 0 182 0 253 255 0 0 134613637
225 0 196 0 53 0 182 0 252 255 0 0 134693453
27 1 163 0 164 0 183 0 252 255 0 0 134848583
223 0 160 0 112 0 183 0 252 255 0 0 134881840
122 0 233 0 20 0 184 0 253 255 254 255 135096885
80 0 111 0 26 0 184 0 253 255 255 255 135097427
228 255 39 0 213 255 185 0 253 255 0 0 135168625
206 255 190 255 199 255 185 0 254 255 0 0 135388470
32 0 204 255 202 255 186 0 253 255 0 0 135389022
92 0 201 255 203 255 185 0 253 255 1 0 135610679
137 0 180 255 198 255 184 0 253 255 1 0 135611211
156 0 195 255 181 255 183 0 252 255 1 0 135647893
203 0 244 255 227 255 181 0 252 255 1 0 135846299
49 1 250 255 131 0 179 0 250 255 0 0 135846820
8 1 218 255 3 1 175 0 249 255 1 0 135934567
251 255 30 0 162 0 173 0 251 255 1 0 136084237
141 255 133 0 84 0 171 0 252 255 0 0 136127096
233 254 93 0 18 0 168 0 252 255 0 0 136374742
12 255 136 0 155 255 165 0 254 255 1 0 136375364
170 255 110 0 133 255 163 0 253 255 1 0 136417959
20 0 120 0 160 255 162 0 252 255 1 0 136596832
146 0 106 0 203 255 160 0 250 255 1 0 136606376
56 0 189 0 47 0 158 0 250 255 1 0 136822006
182 255 34 1 137 0 155 0 251 255 0 0 136822509
48 255 124 1 161 0 151 0 254 255 254 255 136897177
38 255 219 0 92 0 147 0 254 255 255 255 137116691
16 255 251 0 148 255 143 0 0 0 255 255 137117048
118 255 34 1 132 255 139 0 255 255 255 255 137341267
96 255 253 0 230 255 129 0 254 255 255 255 137376442
138 255 211 0 247 255 122 0 255 255 255 255 137624757
3 0 128 0 243 255 115 0 255 255 0 0 137626083
19 0 123 0 58 0 108 0 254 255 0 0 137663168
19 0 164 0 84 0 101 0 254 255 255 255 137848845
206 255 22 1 155 0 95 0 254 255 254 255 137851615
163 255 153 1 124 0 89 0 255 255 253 255 138083400
149 255 192 1 0 0 83 0 255 255 253 255 138083959
205 255 38 2 167 255 78 0 255 255 252 255 138142419
248 255 197 2 5 0 72 0 255 255 249 255 138364442
229 255 102 3 234 255 66 0 0 0 248 255 138364875
249 0 195 2 210 255 60 0 254 255 249 255 138590528
87 1 89 2 27 0 54 0 252 255 250 255 138591131
33 1 32 2 12 0 49 0 252 255 251 255 138621768
161 0 227 1 48 0 44 0 253 255 252 255 138817329
100 0 32 2 103 0 39 0 254 255 252 255 138817963
104 0 32 2 84 0 35 0 255 255 251 255 138908437
9 0 237 1 233 255 32 0 255 255 251 255 139006797
68 0 247 1 18 0 29 0 255 255 251 255 139101094
23 0 9 2 36 0 25 0 254 255 252 255 139313305
15 0 13 2 232 255 21 0 255 255 252 255 139313912
152 0 3 2 235 255 17 0 254 255 252 255 139387739
221 0 177 1 236 255 14 0 254 255 253 255 139545136
221 0 152 1 221 255 11 0 254 255 252 255 139580299
135 0 210 1 251 255 8 0 254 255 252 255 139777284
217 0 168 1 54 0 5 0 254 255 252 255 139777919
152 0 162 1 34 0 3 0 253 255 252 255 139867145
132 0 157 1 24 0 0 0 253 255 252 255 140064889
122 0 120 1 36 0 255 255 253 255 252 255 140065313
78 0 107 1 243 255 253 255 253 255 253 255 140291224
92 0 211 1 245 255 252 255 253 255 252 255 140291789
143 0 211 1 222 255 250 255 252 255 252 255 140350300
151 0 202 1 246 255 248 255 252 255 253 255 140520864
75 0 205 1 22 0 247 255 252 255 253 255 140538828
109 0 171 1 61 0 247 255 251 255 254 255 140803803
102 0 170 1 123 0 249 255 252 255 255 255 140805182
109 0 38 1 100 0 252 255 252 255 0 0 140825527
21 0 27 1 30 0 254 255 254 255 0 0 141027112
238 255 91 1 160 255 255 255 255 255 255 255 141027665
158 0 58 1 173 255 0 0 253 255 254 255 141251796
187 0 74 1 17 0 0 0 252 255 253 255 141252311
118 0 14 1 214 255 1 0 253 255 254 255 141308858
185 0 152 0 137 255 3 0 252 255 255 255 141486166
255 0 187 0 199 255 5 0 251 255 255 255 141497321
68 1 187 0 28 0 6 0 250 255 254 255 141720576
249 0 101 0 52 0 8 0 251 255 255 255 141721459
136 0 152 0 10 0 10 0 252 255 255 255 141788159
114 0 245 0 206 255 11 0 253 255 254 255 142007832
153 0 215 0 250 255 11 0 251 255 254 255 142008368
63 0 74 1 225 255 10 0 252 255 254 255 142231208
94 0 62 1 2 0 10 0 252 255 254 255 142231669
132 0 149 0 143 0 10 0 250 255 255 255 142267451
29 0 121 0 50 0 12 0 252 255 255 255 142470088
93 0 167 0 17 0 13 0 252 255 254 255 142470637
93 0 253 0 59 0 15 0 253 255 254 255 142554141
47 0 79 1 14 0 17 0 254 255 253 255 142648369
72 0 34 1 232 255 18 0 254 255 253 255 142742611
78 0 255 0 82 0 19 0 254 255 253 255 142971897
116 0 97 0 126 0 22 0 254 255 255 255 142972439
69 0 240 255 55 0 24 0 254 255 0 0 143033416
65 0 213 255 128 255 26 0 254 255 0 0 143189370
134 0 193 255 130 255 28 0 252 255 0 0 143225966
129 0 223 255 178 255 29 0 251 255 0 0 143423145
137 0 20 0 198 255 29 0 250 255 0 0 143424033
89 0 155 0 167 255 28 0 251 255 0 0 143512661
105 0 219 0 177 255 27 0 251 255 255 255 143656786
70 1 120 0 71 0 24 0 249 255 255 255 143705185
147 0 131 0 200 255 22 0 250 255 0 0 143944119
201 255 210 0 88 255 18 0 251 255 0 0 143944580
227 254 60 1 147 254 16 0 254 255 255 255 143991943
29 255 135 1 52 254 13 0 254 255 254 255 144166926
98 255 240 1 67 254 10 0 255 255 253 255 144184415
10 255 245 1 232 254 8 0 0 0 252 255 144400793
215 253 139 1 98 254 7 0 3 0 253 255 144401680
59 254 123 1 52 254 4 0 4 0 254 255 144471204
110 254 132 1 125 254 1 0 5 0 254 255 144682232
55 254 19 1 172 254 255 255 6 0 254 255 144682883
18 255 52 1 245 255 251 255 4 0 252 255 144906153
54 0 45 1 209 255 247 255 3 0 253 255 144906895
192 1 44 1 37 0 245 255 0 0 254 255 144950449
195 2 24 1 125 0 246 255 252 255 254 255 145139119
158 3 220 255 149 0 246 255 249 255 255 255 145143027
7 3 254 255 44 0 247 255 247 255 0 0 145371282
134 2 13 0 101 255 248 255 247 255 0 0 145371723
71 2 137 0 71 0 248 255 246 255 0 0 145429747
68 2 195 0 20 2 250 255 243 255 0 0 145613272
73 1 52 1 59 2 251 255 244 255 0 0 145622233
239 255 130 1 193 1 252 255 247 255 254 255 145839747
221 255 98 1 184 1 252 255 247 255 254 255 145840429
8 1 22 1 63 1 253 255 244 255 255 255 145909011
9 1 81 1 168 3 254 255 243 255 251 255 146120844
192 255 93 1 20 0 255 255 248 255 252 255 146121218
93 255 128 1 100 2 0 0 250 255 252 255 146347048
192 255 245 0 244 1 255 255 249 255 254 255 146347917
151 255 207 0 196 0 255 255 251 255 254 255 146388245
245 255 133 0 173 255 254 255 251 255 255 255 146576838
145 0 196 0 18 0 254 255 249 255 255 255 146580765
218 0 239 0 105 0 254 255 249 255 255 255 146806266
165 0 254 0 178 0 255 255 249 255 255 255 146806740
47 0 190 0 58 0 254 255 251 255 254 255 146867545
28 0 155 0 205 255 253 255 251 255 254 255 147094638
169 255 247 0 211 255 253 255 252 255 254 255 147095248
81 255 79 1 30 255 253 255 0 0 253 255 147158313
116 255 236 0 208 255 253 255 0 0 253 255 147252539
109 0 62 0 170 253 253 255 0 0 255 255 147346850
83 0 225 255 49 255 253 255 0 0 255 255 147581915
72 0 44 0 133 255 253 255 0 0 255 255 147582459
55 0 91 0 188 255 253 255 0 0 255 255 147637598
46 0 128 0 223 255 253 255 0 0 255 255 147806341
46 0 159 0 231 255 253 255 0 0 255 255 147826078
76 0 213 0 126 255 253 255 0 0 255 255 148039407
61 0 211 0 225 255 253 255 0 0 255 255 148039930
28 0 218 0 241 255 253 255 0 0 255 255 148116833
50 0 232 0 245 255 253 255 0 0 255 255 148268852
34 0 201 0 248 255 253 255 0 0 255 255 148305331
79 0 132 0 4 0 253 255 0 0 255 255 148548188
4 0 235 0 29 0 253 255 0 0 255 255 148548979
60 0 143 1 38 0 254 255 0 0 255 255 148596164
33 1 220 1 44 0 0 0 253 255 254 255 148772359
128 1 204 2 41 0 1 0 250 255 253 255 148784564
7 2 242 2 144 0 1 0 246 255 253 255 148960827
183 1 54 2 138 0 0 0 244 255 254 255 148977068
201 1 213 1 39 0 255 255 243 255 255 255 149075434
10 1 11 1 244 255 251 255 244 255 0 0 149260351
13 0 113 0 225 255 247 255 247 255 1 0 149263809
200 255 204 255 183 255 243 255 250 255 2 0 149491971
70 0 123 255 57 255 239 255 251 255 3 0 149492777
129 0 31 255 127 255 236 255 251 255 4 0 149554669
174 0 181 254 181 255 234 255 250 255 5 0 149781694
78 0 151 254 161 255 232 255 249 255 6 0 149782185
158 0 37 254 214 255 231 255 247 255 7 0 149841411
122 1 104 254 211 255 231 255 245 255 9 0 150004358
194 1 163 254 152 0 230 255 242 255 8 0 150033950
157 1 69 255 169 0 231 255 243 255 9 0 150291859
15 1 218 255 103 0 232 255 242 255 8 0 150292624
120 0 126 255 13 0 233 255 245 255 8 0 150320729
176 255 196 255 147 254 235 255 249 255 7 0 150526206
52 255 83 0 250 254 237 255 251 255 5 0 150526685
253 254 149 0 107 255 240 255 254 255 3 0 150607468
91 255 196 0 9 0 248 255 255 255 1 0 150817220
90 255 136 0 14 0 250 255 255 255 1 0 151044656
157 255 110 0 45 0 250 255 255 255 1 0 151045135
153 255 121 0 201 255 250 255 255 255 1 0 151086703
212 255 96 0 226 255 250 255 255 255 1 0 151329367
241 255 82 0 245 255 250 255 255 255 1 0 151329935
255 255 77 0 28 0 250 255 255 255 1 0 151377536
14 0 67 0 4 0 250 255 255 255 1 0 151557127
29 0 68 0 0 0 250 255 255 255 1 0 151566029
26 0 63 0 248 255 250 255 255 255 1 0 151664259
22 0 71 0 251 255 250 255 255 255 1 0 151849945
9 0 71 0 240 255 250 255 255 255 1 0 151852677
4 0 68 0 244 255 250 255 255 255 1 0 152583513
28 0 68 0 241 255 250 255 255 255 1 0 152583940
37 0 73 0 230 255 250 255 255 255 1 0 152584256
28 0 68 0 236 255 250 255 255 255 1 0 152627236
21 0 72 0 235 255 250 255 255 255 1 0 152628629
21 0 72 0 235 255 250 255 255 255 1 0 152628790
16 0 80 0 252 255 250 255 255 255 1 0 152790008
26 0 70 0 0 0 250 255 255 255 1 0 152811217
32 0 67 0 253 255 250 255 255 255 1 0 152909566
21 0 65 0 1 0 250 255 255 255 1 0 153069257
16 0 59 0 5 0 250 255 255 255 1 0 153102032
26 0 51 0 28 0 250 255 255 255 1 0 153196211
44 0 46 0 16 0 250 255 255 255 1 0 153330850
40 0 47 0 32 0 250 255 255 255 1 0 153388801
34 0 53 0 21 0 250 255 255 255 1 0 153482963
30 0 41 0 16 0 250 255 255 255 1 0 153581268
34 0 46 0 0 0 250 255 255 255 1 0 153675512
17 0 46 0 28 0 250 255 255 255 1 0 153851856
14 0 39 0 24 0 250 255 255 255 1 0 153868092
1 0 27 0 56 0 250 255 255 255 1 0 153962320
15 0 28 0 34 0 250 255 255 255 1 0 154086655
18 0 30 0 43 0 250 255 255 255 1 0 154154764
23 0 31 0 50 0 250 255 255 255 1 0 154253073
35 0 27 0 32 0 250 255 255 255 1 0 154347304
38 0 24 0 250 255 250 255 255 255 1 0 154445588
26 0 31 0 3 0 250 255 255 255 1 0 154579135
30 0 34 0 255 255 250 255 255 255 1 0 154634071
0 0 38 0 4 0 250 255 255 255 1 0 154732398
7 0 36 0 22 0 250 255 255 255 2 0 154828477
13 0 37 0 34 0 250 255 255 255 2 0 154924898
7 0 32 0 63 0 250 255 255 255 2 0 155019647
37 0 25 0 44 0 250 255 255 255 2 0 155113264
23 0 23 0 49 0 250 255 255 255 2 0 155211617
21 0 21 0 54 0 250 255 255 255 2 0 155332520
53 0 11 0 28 0 250 255 255 255 2 0 155404156
44 0 28 0 22 0 250 255 255 255 2 0 155498302
41 0 20 0 32 0 250 255 255 255 2 0 155592547
32 0 25 0 39 0 250 255 255 255 2 0 155690841
30 0 31 0 21 0 250 255 255 255 2 0 155789124
18 0 25 0 31 0 250 255 255 255 2 0 155879259
14 0 24 0 28 0 250 255 255 255 2 0 155977579
27 0 19 0 27 0 250 255 255 255 2 0 156093676
37 0 12 0 35 0 250 255 255 255 2 0 156170189
28 0 14 0 53 0 250 255 255 255 2 0 156268408
40 0 7 0 37 0 250 255 255 255 2 0 156358550
35 0 12 0 34 0 250 255 255 255 2 0 156456845
15 0 18 0 55 0 250 255 255 255 2 0 156555131
28 0 13 0 34 0 250 255 255 255 2 0 156649510
26 0 26 0 14 0 250 255 255 255 2 0 156743700
20 0 26 0 27 0 250 255 255 255 2 0 156869566
