137 255 159 1 91 247 168 255 5 0 250 255 1035800
141 255 39 2 146 250 165 255 5 0 250 255 1133998
148 255 148 2 149 252 162 255 5 0 250 255 1465749
175 255 196 2 215 253 158 255 4 0 250 255 1466692
15 0 16 3 156 254 155 255 3 0 249 255 1467537
60 0 66 3 79 255 152 255 2 0 249 255 1555872
53 0 53 3 197 255 150 255 2 0 249 255 1613296
97 0 7 3 186 255 147 255 1 0 249 255 1707508
136 0 165 2 190 255 144 255 0 0 250 255 1851098
175 0 85 2 242 255 140 255 0 0 251 255 1900064
198 0 65 2 9 0 137 255 0 0 252 255 1994185
156 0 100 2 13 0 134 255 255 255 252 255 2125042
122 0 137 2 66 0 132 255 255 255 252 255 2186732
38 0 125 2 64 0 129 255 0 0 251 255 2285030
32 0 141 2 30 0 127 255 0 0 251 255 2379350
67 0 151 2 18 0 124 255 0 0 251 255 2473490
89 0 140 2 250 255 122 255 0 0 251 255 2571871
117 0 117 2 245 255 120 255 0 0 252 255 2666038
137 0 122 2 37 0 118 255 0 0 252 255 2764268
86 0 62 2 80 0 115 255 0 0 253 255 2858608
42 0 243 1 245 0 112 255 0 0 254 255 2952765
224 255 44 2 185 255 109 255 1 0 254 255 3051038
240 255 156 2 253 255 105 255 2 0 254 255 3149351
55 0 187 2 32 0 102 255 2 0 253 255 3243531
127 0 96 2 254 255 98 255 1 0 253 255 3337802
173 0 90 2 7 0 94 255 1 0 252 255 3431988
185 0 116 2 57 0 91 255 0 0 252 255 3530361
213 0 61 2 50 0 88 255 0 0 252 255 3628603
1 1 224 1 40 0 84 255 0 0 253 255 3722836
67 1 194 1 17 0 81 255 0 0 253 255 3817112
50 1 225 1 36 0 79 255 0 0 253 255 3931211
220 0 40 2 69 0 76 255 0 0 252 255 4009601
190 0 91 2 35 0 74 255 0 0 253 255 4103888
238 0 156 2 0 0 71 255 0 0 253 255 4228565
19 1 154 2 27 0 68 255 0 0 253 255 4296354
48 1 134 2 225 255 65 255 0 0 252 255 4390560
26 1 174 2 227 255 63 255 0 0 252 255 4501336
55 1 197 2 69 0 60 255 0 0 252 255 4583051
82 1 129 2 100 0 57 255 0 0 252 255 4681409
66 1 59 2 47 0 55 255 0 0 252 255 4914652
88 1 33 2 250 255 52 255 0 0 252 255 4915198
60 1 42 2 238 255 50 255 0 0 252 255 4968093
132 1 61 2 14 0 47 255 0 0 252 255 5225601
116 1 84 2 38 0 44 255 0 0 251 255 5226380
62 1 42 2 63 0 40 255 0 0 252 255 5258956
107 1 251 1 65 0 36 255 0 0 252 255 5476226
89 1 226 1 18 0 33 255 0 0 253 255 5476779
110 1 12 2 241 255 31 255 0 0 252 255 5541560
97 1 25 2 59 0 28 255 255 255 252 255 5798011
69 1 216 1 49 0 25 255 0 0 253 255 5798725
100 1 169 1 223 255 21 255 0 0 253 255 5832354
115 1 202 1 208 255 18 255 255 255 253 255 6112320
148 1 186 1 233 255 16 255 255 255 253 255 6112843
135 1 173 1 25 0 13 255 255 255 253 255 6119154
105 1 189 1 62 0 10 255 255 255 253 255 6363308
74 1 201 1 51 0 7 255 255 255 253 255 6363960
74 1 183 1 16 0 4 255 255 255 254 255 6405888
70 1 211 1 225 255 1 255 255 255 254 255 6504205
100 1 219 1 17 0 254 254 255 255 253 255 6598431
76 1 205 1 33 0 251 254 255 255 254 255 6692713
39 1 180 1 240 255 248 254 0 0 254 255 6790987
43 1 224 1 229 255 245 254 0 0 253 255 6976207
111 1 232 1 244 255 242 254 0 0 253 255 6983458
130 1 124 1 21 0 238 254 0 0 253 255 7077645
146 1 60 1 49 0 235 254 255 255 254 255 7288428
102 1 34 1 36 0 231 254 255 255 254 255 7288979
85 1 64 1 4 0 228 254 0 0 254 255 7364439
141 1 85 1 225 255 224 254 0 0 254 255 7538658
156 1 107 1 215 255 221 254 0 0 254 255 7557014
150 1 57 1 6 0 218 254 255 255 254 255 7655223
118 1 68 1 24 0 214 254 255 255 254 255 7860937
129 1 98 1 24 0 210 254 255 255 255 255 7861639
207 1 147 1 0 0 207 254 255 255 255 255 7942017
213 1 154 1 7 0 204 254 254 255 255 255 8166175
211 1 148 1 20 0 200 254 254 255 255 255 8166941
190 1 124 1 45 0 56 1 253 255 255 255 8228769
173 1 100 1 33 0 52 1 253 255 255 255 8465558
200 1 86 1 32 0 48 1 253 255 255 255 8466516
255 1 251 0 13 0 44 1 253 255 255 255 8515524
248 1 175 0 5 0 40 1 252 255 255 255 8716880
222 1 142 0 6 0 37 1 252 255 0 0 8718328
223 1 105 0 37 0 33 1 252 255 0 0 8802211
226 1 101 0 41 0 30 1 252 255 0 0 9028532
185 1 157 0 42 0 27 1 253 255 0 0 9029062
117 1 131 0 64 0 24 1 253 255 0 0 9092987
156 1 126 0 64 0 21 1 254 255 0 0 9343845
200 1 187 0 36 0 18 1 254 255 0 0 9344564
163 1 222 0 0 0 16 1 254 255 0 0 9379758
159 1 3 1 255 255 13 1 254 255 0 0 9595025
195 1 4 1 252 255 11 1 254 255 0 0 9595823
205 1 0 1 237 255 10 1 253 255 0 0 9666469
236 1 27 1 236 255 8 1 253 255 0 0 9905995
211 1 32 1 63 0 6 1 253 255 255 255 9906572
165 1 27 1 80 0 3 1 253 255 255 255 9953356
152 1 220 0 67 0 0 1 254 255 255 255 10226473
173 1 179 0 10 0 254 0 254 255 255 255 10227188
161 1 210 0 238 255 251 0 254 255 255 255 10244105
167 1 180 0 38 0 249 0 253 255 255 255 10471895
144 1 143 0 0 0 246 0 253 255 255 255 10472341
59 1 218 0 33 0 241 0 254 255 254 255 10786303
41 1 223 0 25 0 239 0 255 255 254 255 10786708
107 1 210 0 250 255 237 0 255 255 254 255 10817577
114 1 207 0 243 255 235 0 255 255 253 255 11101049
119 1 145 0 13 0 233 0 254 255 254 255 11101630
66 1 77 0 45 0 230 0 254 255 254 255 11108405
61 1 38 0 222 255 228 0 255 255 254 255 11349956
14 1 79 0 163 255 226 0 255 255 255 255 11350472
31 1 167 0 184 255 225 0 255 255 254 255 11395159
62 1 198 0 77 0 223 0 254 255 254 255 11489346
114 1 167 0 50 0 221 0 254 255 254 255 11587721
161 1 144 0 21 0 219 0 254 255 254 255 11681916
218 1 109 0 29 0 217 0 254 255 255 255 11780150
249 1 66 0 29 0 216 0 253 255 255 255 11960713
253 1 97 0 250 255 215 0 253 255 255 255 11968576
25 2 184 0 199 255 214 0 253 255 255 255 12062915
21 2 220 0 1 0 213 0 253 255 254 255 12279055
164 1 195 0 34 0 213 0 253 255 253 255 12279644
49 1 153 0 72 0 211 0 254 255 254 255 12353737
252 0 127 0 31 0 210 0 255 255 254 255 12524217
24 1 114 0 58 0 208 0 255 255 254 255 12546184
224 0 87 0 78 0 206 0 254 255 254 255 12640369
222 0 96 0 7 0 205 0 255 255 254 255 12838804
186 0 132 0 217 255 203 0 255 255 254 255 12839746
197 0 198 0 133 255 202 0 255 255 253 255 12927149
239 0 218 0 198 255 200 0 254 255 253 255 13152708
74 1 210 0 32 0 199 0 254 255 253 255 13154689
95 1 246 0 114 0 198 0 253 255 253 255 13213895
37 1 239 0 84 0 197 0 253 255 253 255 13402881
59 1 15 1 50 0 196 0 253 255 253 255 13406361
119 1 237 0 43 0 195 0 253 255 253 255 13504675
155 1 186 0 20 0 194 0 252 255 253 255 13716837
141 1 156 0 62 0 194 0 251 255 254 255 13717949
58 1 163 0 34 0 194 0 252 255 253 255 13787392
5 1 161 0 244 255 193 0 252 255 253 255 13971111
37 1 105 0 42 0 193 0 252 255 254 255 13984012
1 1 49 0 221 255 193 0 252 255 254 255 14078198
196 0 62 0 221 255 193 0 253 255 255 255 14287123
232 0 128 0 240 255 193 0 253 255 254 255 14287666
208 0 111 0 0 0 194 0 253 255 255 255 14365046
126 0 149 0 216 255 194 0 254 255 255 255 14594640
69 0 169 0 228 255 193 0 254 255 255 255 14595109
119 0 170 0 252 255 193 0 255 255 254 255 14651661
99 0 142 0 29 0 192 0 254 255 254 255 14848492
186 0 89 0 11 0 192 0 254 255 255 255 14849241
215 0 91 0 16 0 191 0 253 255 255 255 14942505
7 1 100 0 2 0 190 0 253 255 255 255 15164957
46 1 99 0 27 0 191 0 253 255 254 255 15165334
45 1 102 0 254 255 190 0 253 255 254 255 15229177
51 1 92 0 3 0 190 0 253 255 254 255 15479146
50 1 91 0 15 0 189 0 253 255 254 255 15479809
47 1 92 0 62 0 189 0 254 255 254 255 15515978
31 1 84 0 53 0 189 0 254 255 254 255 15733906
11 1 83 0 21 0 189 0 254 255 254 255 15734814
47 1 97 0 20 0 188 0 254 255 254 255 15802781
77 1 92 0 247 255 188 0 254 255 254 255 16048728
84 1 67 0 247 255 188 0 253 255 255 255 16049474
48 1 36 0 3 0 188 0 253 255 255 255 16093567
233 0 56 0 28 0 188 0 253 255 254 255 16354991
170 0 102 0 36 0 189 0 253 255 254 255 16355408
72 0 134 0 34 0 189 0 254 255 254 255 16380303
41 0 132 0 11 0 189 0 254 255 254 255 16733471
249 255 116 0 53 0 189 0 255 255 254 255 16733959
249 255 172 0 197 255 189 0 255 255 253 255 16734448
52 0 223 0 245 255 189 0 0 0 253 255 16901671
107 0 186 0 12 0 189 0 255 255 253 255 16902432
162 0 162 0 253 255 190 0 255 255 253 255 16953875
181 0 210 0 238 255 190 0 255 255 253 255 17215270
16 1 5 1 35 0 191 0 255 255 252 255 17216213
7 1 212 0 30 0 192 0 255 255 253 255 17244677
16 1 221 0 55 0 192 0 255 255 253 255 17525412
239 0 226 0 37 0 193 0 255 255 252 255 17525884
227 0 156 0 19 0 194 0 255 255 253 255 17531364
17 1 129 0 41 0 196 0 255 255 253 255 17778301
2 1 96 0 34 0 198 0 255 255 253 255 17779050
203 0 77 0 22 0 200 0 255 255 253 255 17818094
197 0 72 0 26 0 202 0 255 255 253 255 18090503
167 0 59 0 251 255 205 0 255 255 254 255 18091160
158 0 1 0 249 255 208 0 255 255 254 255 18104808
125 0 192 255 246 255 211 0 255 255 255 255 18203137
123 0 127 255 237 255 214 0 255 255 255 255 18297336
108 0 98 255 210 255 218 0 254 255 255 255 18391611
103 0 60 255 190 255 222 0 254 255 0 0 18489910
183 0 52 255 234 255 225 0 253 255 0 0 18685806
216 0 110 255 14 0 229 0 253 255 255 255 18686315
192 0 148 255 26 0 235 0 254 255 255 255 18938245
226 0 167 255 229 255 238 0 254 255 255 255 18969127
18 1 210 255 211 255 241 0 254 255 255 255 19067449
30 1 12 0 9 0 243 0 254 255 255 255 19253650
33 1 246 255 98 0 244 0 254 255 255 255 19255840
36 1 220 255 53 0 246 0 255 255 255 255 19354135
32 1 253 255 43 0 247 0 255 255 255 255 19564130
31 1 26 0 58 0 249 0 254 255 254 255 19564817
201 0 25 0 28 0 251 0 254 255 254 255 19636917
195 0 0 0 4 0 253 0 255 255 255 255 19817120
204 0 227 255 247 255 254 0 254 255 255 255 19833460
141 0 252 255 233 255 0 1 254 255 255 255 19927656
105 0 41 0 227 255 1 1 254 255 254 255 20131593
134 0 35 0 247 255 3 1 255 255 254 255 20133111
138 0 64 0 244 255 5 1 255 255 254 255 20214421
134 0 110 0 239 255 6 1 254 255 254 255 20441418
168 0 113 0 9 0 8 1 254 255 253 255 20442542
244 0 65 0 1 0 10 1 254 255 254 255 20501151
27 1 42 0 228 255 12 1 253 255 254 255 20743438
77 1 43 0 240 255 14 1 253 255 254 255 20743987
49 1 38 0 34 0 17 1 253 255 254 255 20787929
63 1 9 0 88 0 19 1 253 255 254 255 20983720
253 0 18 0 61 0 22 1 253 255 254 255 20984456
178 0 35 0 42 0 25 1 253 255 254 255 21078676
223 0 35 0 73 0 28 1 253 255 254 255 21298710
199 0 41 0 47 0 31 1 254 255 254 255 21299213
180 0 40 0 45 0 34 1 254 255 254 255 21365504
182 0 233 255 37 0 37 1 254 255 254 255 21611558
180 0 183 255 209 255 40 1 254 255 255 255 21612123
197 0 217 255 202 255 43 1 254 255 255 255 21656317
140 0 234 255 244 255 46 1 254 255 255 255 21808980
95 0 217 255 35 0 50 1 254 255 0 0 21844724
67 0 189 255 244 255 53 1 254 255 0 0 21943066
87 0 153 255 232 255 56 1 254 255 0 0 22132695
156 0 123 255 216 255 201 254 254 255 0 0 22133140
213 0 158 255 207 255 204 254 254 255 0 0 22229764
38 1 178 255 248 255 208 254 254 255 0 0 22446727
116 1 153 255 78 0 210 254 253 255 0 0 22447410
89 1 83 255 101 0 213 254 253 255 0 0 22516461
64 1 104 255 7 0 215 254 253 255 0 0 22761331
60 1 167 255 225 255 218 254 253 255 0 0 22762792
101 1 171 255 181 255 220 254 254 255 0 0 22807360
92 1 161 255 225 255 222 254 254 255 0 0 23010276
84 1 137 255 42 0 224 254 254 255 0 0 23010819
110 1 123 255 75 0 225 254 254 255 0 0 23094069
84 1 135 255 30 0 228 254 254 255 0 0 23273915
57 1 177 255 3 0 230 254 253 255 0 0 23282491
24 1 190 255 25 0 232 254 253 255 0 0 23376765
247 0 194 255 47 0 233 254 253 255 0 0 23649984
206 0 201 255 61 0 235 254 253 255 0 0 23650878
134 0 230 255 56 0 236 254 254 255 0 0 23667569
74 0 218 255 33 0 238 254 255 255 0 0 23904694
35 0 196 255 42 0 239 254 0 0 0 0 23905766
221 255 227 255 5 0 241 254 0 0 0 0 23954315
233 255 252 255 221 255 243 254 1 0 0 0 24213505
68 0 239 255 236 255 245 254 1 0 0 0 24214173
116 0 234 255 221 255 246 254 1 0 0 0 24240982
161 0 237 255 219 255 248 254 1 0 0 0 24464404
149 0 8 0 16 0 250 254 1 0 255 255 24465115
140 0 14 0 47 0 251 254 1 0 255 255 24531900
155 0 233 255 49 0 252 254 2 0 255 255 24782929
185 0 213 255 22 0 254 254 2 0 0 0 24783747
222 0 179 255 44 0 255 254 2 0 0 0 24818594
171 0 210 255 40 0 1 255 2 0 0 0 25092978
175 0 216 255 37 0 2 255 2 0 0 0 25093420
154 0 187 255 40 0 4 255 2 0 0 0 25105312
179 0 223 255 24 0 5 255 3 0 0 0 25342288
144 0 251 255 8 0 7 255 3 0 0 0 25342791
178 0 232 255 252 255 8 255 3 0 0 0 25392078
172 0 217 255 245 255 10 255 3 0 0 0 25654756
194 0 230 255 229 255 11 255 3 0 0 0 25655206
170 0 217 255 209 255 13 255 3 0 0 0 25678831
147 0 199 255 218 255 15 255 4 0 0 0 25962326
114 0 185 255 194 255 17 255 4 0 0 0 25962900
102 0 164 255 130 255 18 255 4 0 0 0 25969596
141 0 166 255 144 255 21 255 4 0 0 0 26063858
250 0 141 255 11 0 22 255 4 0 1 0 26158110
248 0 112 255 42 0 25 255 3 0 1 0 26256355
242 0 83 255 48 0 27 255 2 0 1 0 26354722
20 1 102 255 60 0 29 255 2 0 1 0 26448861
58 1 96 255 15 0 31 255 1 0 1 0 26543092
110 1 80 255 0 0 33 255 1 0 1 0 26641529
97 1 125 255 252 255 35 255 0 0 1 0 26806698
47 1 182 255 8 0 37 255 0 0 1 0 26829853
38 1 176 255 37 0 38 255 1 0 1 0 26928208
10 1 146 255 61 0 39 255 1 0 1 0 27126416
249 0 185 255 18 0 40 255 1 0 1 0 27127212
239 0 177 255 23 0 41 255 1 0 0 0 27214935
206 0 193 255 20 0 42 255 1 0 0 0 27423239
232 0 172 255 251 255 43 255 2 0 1 0 27423695
250 0 153 255 232 255 44 255 1 0 1 0 27505753
224 0 182 255 251 255 45 255 1 0 1 0 27677809
228 0 220 255 255 255 46 255 1 0 0 0 27694226
206 0 230 255 8 0 47 255 1 0 0 0 27792497
187 0 226 255 34 0 48 255 1 0 0 0 27993258
216 0 240 255 250 255 50 255 1 0 0 0 27993899
195 0 235 255 17 0 51 255 1 0 0 0 28079289
194 0 201 255 28 0 52 255 1 0 0 0 28243736
184 0 219 255 9 0 54 255 1 0 0 0 28271776
149 0 213 255 13 0 55 255 1 0 0 0 28365953
129 0 181 255 30 0 56 255 1 0 0 0 28553224
149 0 142 255 243 255 57 255 1 0 0 0 28558474
156 0 119 255 3 0 59 255 1 0 0 0 28652683
177 0 125 255 238 255 60 255 2 0 0 0 28868678
193 0 185 255 232 255 61 255 2 0 0 0 28869241
227 0 31 0 30 0 62 255 2 0 0 0 28939519
226 0 64 0 247 255 64 255 1 0 0 0 29173550
237 0 56 0 6 0 65 255 1 0 0 0 29174133
33 1 0 0 30 0 67 255 1 0 0 0 29230283
97 1 212 255 4 0 69 255 0 0 0 0 29425129
143 1 206 255 13 0 71 255 0 0 0 0 29425511
143 1 204 255 31 0 73 255 0 0 0 0 29517020
173 1 222 255 23 0 75 255 0 0 0 0 29738130
139 1 236 255 59 0 77 255 0 0 0 0 29738673
107 1 5 0 37 0 79 255 0 0 0 0 29803740
121 1 50 0 31 0 81 255 0 0 0 0 29987641
56 1 59 0 233 255 83 255 0 0 0 0 29996349
92 1 66 0 5 0 85 255 0 0 0 0 30090555
94 1 61 0 46 0 86 255 255 255 0 0 30309236
42 1 27 0 41 0 87 255 255 255 0 0 30309692
4 1 0 0 40 0 88 255 255 255 0 0 30377203
254 0 225 255 28 0 88 255 255 255 0 0 30615473
236 0 204 255 36 0 89 255 0 0 0 0 30616279
248 0 140 255 4 0 90 255 0 0 0 0 30668062
240 0 115 255 10 0 91 255 0 0 0 0 30867697
255 0 124 255 228 255 92 255 0 0 0 0 30868241
239 0 131 255 216 255 93 255 0 0 0 0 30954831
206 0 174 255 245 255 94 255 0 0 0 0 31189719
191 0 178 255 8 0 95 255 0 0 1 0 31190310
138 0 182 255 2 0 96 255 1 0 1 0 31241501
111 0 169 255 8 0 97 255 2 0 1 0 31443631
163 0 165 255 238 255 97 255 2 0 1 0 31444218
217 0 185 255 249 255 98 255 2 0 1 0 31528364
209 0 175 255 16 0 98 255 2 0 1 0 31754710
178 0 161 255 21 0 98 255 2 0 1 0 31755262
222 0 136 255 26 0 98 255 2 0 1 0 31819106
1 1 108 255 254 255 98 255 2 0 2 0 32070094
37 1 102 255 232 255 99 255 2 0 2 0 32070956
85 1 102 255 252 255 99 255 1 0 2 0 32105826
74 1 157 255 253 255 99 255 1 0 2 0 32318693
114 1 181 255 254 255 99 255 1 0 2 0 32319159
78 1 195 255 13 0 99 255 1 0 2 0 32392565
65 1 187 255 84 0 98 255 2 0 2 0 32641526
57 1 171 255 44 0 97 255 1 0 2 0 32642118
34 1 157 255 249 255 97 255 2 0 2 0 32679413
13 1 198 255 239 255 96 255 2 0 1 0 32946479
10 1 219 255 42 0 95 255 1 0 1 0 32947536
197 0 195 255 51 0 93 255 1 0 1 0 32966126
174 0 200 255 20 0 91 255 2 0 2 0 33194488
183 0 225 255 20 0 90 255 2 0 1 0 33195514
173 0 241 255 12 0 88 255 2 0 1 0 33256967
122 0 222 255 35 0 85 255 2 0 1 0 33505088
26 0 237 255 9 0 82 255 3 0 1 0 33505647
239 255 22 0 244 255 78 255 3 0 1 0 33543619
205 255 70 0 0 0 75 255 4 0 1 0 33818340
184 255 75 0 15 0 72 255 4 0 1 0 33818941
133 255 81 0 38 0 69 255 5 0 1 0 33830411
128 255 123 0 18 0 65 255 6 0 1 0 34071589
151 255 173 0 9 0 61 255 6 0 1 0 34072167
232 255 164 0 254 255 56 255 7 0 0 0 34117091
30 0 126 0 2 0 52 255 6 0 0 0 34215403
93 0 100 0 238 255 48 255 6 0 1 0 34313751
74 0 108 0 9 0 45 255 6 0 1 0 34407955
71 0 89 0 51 0 41 255 5 0 1 0 34502227
98 0 29 0 66 0 37 255 5 0 1 0 34670884
131 0 2 0 3 0 33 255 5 0 2 0 34694712
115 0 29 0 226 255 30 255 5 0 2 0 34788904
161 0 55 0 254 255 26 255 4 0 2 0 34979130
151 0 15 0 247 255 23 255 3 0 2 0 34981449
122 0 212 255 5 0 21 255 3 0 2 0 35075705
116 0 2 0 24 0 19 255 3 0 2 0 35229897
99 0 24 0 50 0 17 255 2 0 2 0 35268147
57 0 38 0 35 0 16 255 2 0 2 0 35366485
47 0 88 0 75 0 15 255 2 0 2 0 35548269
1 0 120 0 39 0 13 255 3 0 2 0 35554921
219 255 149 0 249 255 12 255 3 0 2 0 35653242
15 0 151 0 50 0 10 255 4 0 1 0 35863903
63 0 98 0 11 0 9 255 4 0 2 0 35865324
51 0 82 0 22 0 8 255 4 0 1 0 35939999
43 0 105 0 49 0 7 255 4 0 1 0 36115851
79 0 104 0 19 0 6 255 3 0 1 0 36132531
49 0 132 0 220 255 5 255 4 0 1 0 36226818
99 0 157 0 246 255 4 255 3 0 0 0 36426956
106 0 154 0 219 255 2 255 3 0 1 0 36427561
77 0 164 0 251 255 1 255 3 0 0 0 36513439
59 0 186 0 26 0 0 255 3 0 0 0 36735784
62 0 164 0 12 0 255 254 3 0 0 0 36736534
39 0 152 0 244 255 255 254 3 0 0 0 36804361
25 0 134 0 5 0 254 254 3 0 0 0 36983691
237 255 109 0 253 255 254 254 4 0 0 0 36996805
207 255 119 0 8 0 254 254 4 0 0 0 37091068
198 255 117 0 248 255 254 254 5 0 0 0 37293592
200 255 80 0 6 0 254 254 5 0 0 0 37294132
182 255 49 0 10 0 254 254 5 0 0 0 37381839
211 255 87 0 27 0 255 254 4 0 0 0 37607488
194 255 119 0 35 0 255 254 4 0 255 255 37608209
210 255 98 0 39 0 255 254 5 0 255 255 37668603
255 255 120 0 9 0 255 254 5 0 255 255 37856153
21 0 131 0 12 0 255 254 5 0 255 255 37861286
54 0 133 0 3 0 255 254 5 0 254 255 37955357
88 0 105 0 241 255 0 255 5 0 254 255 38161021
171 0 57 0 249 255 0 255 4 0 254 255 38161685
130 0 31 0 28 0 0 255 4 0 254 255 38242034
139 0 59 0 67 0 0 255 4 0 254 255 38472606
80 0 132 0 43 0 0 255 3 0 254 255 38473502
37 0 164 0 34 0 0 255 4 0 254 255 38532883
73 0 172 0 47 0 0 255 3 0 254 255 38722158
97 0 177 0 49 0 0 255 3 0 254 255 38722696
57 0 215 0 22 0 0 255 4 0 254 255 38815537
64 0 208 0 50 0 255 254 4 0 254 255 39045562
70 0 176 0 39 0 254 254 4 0 254 255 39045929
73 0 153 0 44 0 253 254 4 0 254 255 39106341
58 0 174 0 40 0 252 254 3 0 254 255 39350821
55 0 149 0 29 0 251 254 3 0 254 255 39351731
20 0 149 0 20 0 250 254 3 0 253 255 39393130
44 0 157 0 11 0 249 254 3 0 253 255 39603783
17 0 129 0 3 0 249 254 3 0 253 255 39604240
40 0 141 0 245 255 248 254 3 0 253 255 39679893
2 0 161 0 240 255 248 254 3 0 253 255 39912078
21 0 175 0 235 255 247 254 3 0 253 255 39912487
241 255 167 0 36 0 246 254 3 0 253 255 39966637
193 255 149 0 9 0 245 254 4 0 253 255 40230318
157 255 145 0 238 255 244 254 4 0 253 255 40231652
150 255 127 0 3 0 243 254 5 0 253 255 40257432
200 255 101 0 38 0 242 254 5 0 254 255 40477907
214 255 72 0 51 0 241 254 5 0 254 255 40478611
223 255 76 0 51 0 241 254 4 0 254 255 40544186
235 255 101 0 74 0 241 254 4 0 254 255 40795560
20 0 91 0 90 0 241 254 3 0 255 255 40796232
77 0 105 0 21 0 241 254 3 0 255 255 40830970
119 0 158 0 222 255 241 254 3 0 255 255 41051624
153 0 163 0 246 255 240 254 2 0 255 255 41052040
118 0 161 0 253 255 240 254 3 0 255 255 41117631
152 0 171 0 45 0 240 254 3 0 254 255 41371101
121 0 143 0 86 0 240 254 2 0 254 255 41372086
55 0 116 0 66 0 240 254 3 0 254 255 41408442
26 0 127 0 48 0 241 254 3 0 254 255 41621692
73 0 139 0 48 0 242 254 3 0 254 255 41622205
29 0 141 0 10 0 242 254 3 0 254 255 41695258
36 0 149 0 14 0 243 254 3 0 254 255 41941953
30 0 159 0 27 0 243 254 2 0 254 255 41942541
47 0 131 0 250 255 242 254 3 0 254 255 41981962
97 0 108 0 251 255 242 254 2 0 254 255 42444144
78 0 106 0 232 255 242 254 2 0 255 255 42445834
66 0 94 0 9 0 241 254 2 0 255 255 42446928
245 255 69 0 39 0 241 254 2 0 255 255 42611332
23 0 29 0 235 255 242 254 3 0 0 0 42974346
12 0 125 0 225 255 244 254 3 0 0 0 42975156
1 0 157 0 221 255 244 254 3 0 0 0 43151588
31 0 160 0 221 255 245 254 3 0 0 0 43152260
53 0 107 0 8 0 246 254 3 0 0 0 43152786
56 0 109 0 27 0 246 254 3 0 0 0 43397063
39 0 107 0 0 0 247 254 4 0 255 255 43398912
24 0 138 0 217 255 247 254 4 0 255 255 43419808
36 0 153 0 0 0 248 254 5 0 254 255 43513957
244 255 119 0 14 0 249 254 5 0 254 255 43612346
29 0 85 0 255 255 249 254 5 0 255 255 43706502
105 0 35 0 241 255 250 254 4 0 255 255 43804757
53 0 80 0 194 255 251 254 4 0 255 255 43899059
243 255 92 0 54 0 252 254 3 0 255 255 43993274
15 0 70 0 119 0 253 254 3 0 255 255 44091508
67 0 27 0 45 0 254 254 3 0 0 0 44234240
145 0 35 0 228 255 255 254 3 0 0 0 44284303
147 0 58 0 237 255 0 255 2 0 255 255 44382332
146 0 24 0 32 0 1 255 2 0 0 0 44555300
144 0 10 0 51 0 1 255 2 0 0 0 44570801
111 0 12 0 13 0 2 255 3 0 0 0 44664985
114 0 5 0 45 0 2 255 3 0 0 0 44871898
79 0 65 0 50 0 3 255 2 0 0 0 44873176
39 0 120 0 48 0 3 255 2 0 255 255 44955869
38 0 147 0 80 0 4 255 2 0 254 255 45122357
254 255 113 0 44 0 4 255 2 0 254 255 45144362
27 0 51 0 26 0 3 255 2 0 254 255 45242697
15 0 48 0 235 255 4 255 2 0 255 255 45433850
26 0 69 0 203 255 4 255 3 0 255 255 45435076
41 0 68 0 249 255 5 255 2 0 254 255 45529444
3 0 34 0 18 0 5 255 2 0 254 255 45746721
249 255 17 0 43 0 5 255 2 0 254 255 45747290
181 255 31 0 17 0 6 255 3 0 255 255 45816152
185 255 43 0 0 0 6 255 3 0 255 255 45999674
216 255 42 0 230 255 6 255 3 0 255 255 46008579
255 255 44 0 1 0 6 255 3 0 0 0 46106953
33 0 36 0 29 0 6 255 2 0 0 0 46309825
95 0 36 0 9 0 7 255 2 0 0 0 46310425
65 0 42 0 0 0 7 255 3 0 0 0 46393647
155 0 39 0 218 255 8 255 3 0 0 0 46586113
206 0 79 0 178 255 9 255 3 0 0 0 46680368
254 0 125 0 27 0 10 255 2 0 0 0 46880339
186 0 90 0 113 0 11 255 1 0 0 0 46880880
7 0 56 0 62 0 12 255 3 0 0 0 46967159
39 0 61 0 63 0 12 255 3 0 255 255 47196542
26 0 10 0 39 0 12 255 2 0 255 255 47197072
251 255 236 255 9 0 13 255 3 0 255 255 47253914
13 0 15 0 21 0 13 255 3 0 255 255 47451429
248 255 37 0 241 255 14 255 2 0 255 255 47452373
229 255 43 0 229 255 14 255 3 0 255 255 47544644
240 255 26 0 205 255 14 255 3 0 255 255 47762130
201 255 49 0 184 255 15 255 2 0 255 255 47762887
163 255 61 0 16 0 16 255 3 0 255 255 47831422
126 255 235 255 51 0 16 255 4 0 255 255 48019622
131 255 209 255 207 255 16 255 4 0 0 0 48023905
166 255 248 255 177 255 16 255 3 0 0 0 48118184
194 255 161 255 20 0 16 255 2 0 0 0 48341538
70 0 133 255 57 0 17 255 2 0 0 0 48341964
116 0 138 255 78 0 18 255 2 0 1 0 48404910
100 0 171 255 241 255 19 255 2 0 0 0 48648642
108 0 255 255 244 255 20 255 2 0 0 0 48649153
140 0 35 0 29 0 21 255 2 0 0 0 48695741
138 0 0 0 15 0 21 255 3 0 0 0 48897346
148 0 232 255 2 0 22 255 3 0 0 0 48898171
102 0 221 255 47 0 23 255 3 0 0 0 48982520
87 0 218 255 48 0 23 255 3 0 0 0 49204163
60 0 222 255 252 255 24 255 3 0 0 0 49204629
36 0 16 0 252 255 25 255 3 0 0 0 49269235
20 0 16 0 18 0 25 255 3 0 0 0 49517913
48 0 28 0 11 0 26 255 3 0 0 0 49518415
62 0 9 0 247 255 26 255 2 0 0 0 49555954
101 0 7 0 251 255 26 255 2 0 0 0 49769407
149 0 23 0 231 255 26 255 1 0 0 0 49770067
95 0 83 0 213 255 26 255 2 0 0 0 49846742
115 0 54 0 96 0 26 255 2 0 255 255 50092130
71 0 249 255 100 0 26 255 2 0 0 0 50093069
73 0 246 255 9 0 26 255 3 0 0 0 50133560
53 0 49 0 167 255 26 255 3 0 0 0 50390605
36 0 98 0 13 0 26 255 2 0 255 255 50391507
13 0 97 0 2 0 25 255 2 0 255 255 50420250
2 0 62 0 240 255 24 255 2 0 255 255 50641376
112 0 233 255 41 0 22 255 2 0 0 0 50707037
115 0 89 0 19 0 23 255 2 0 0 0 50958146
126 0 93 0 25 0 23 255 2 0 0 0 50993760
112 0 62 0 27 0 23 255 2 0 0 0 51265737
101 0 58 0 57 0 23 255 2 0 0 0 51266407
165 0 19 0 99 0 23 255 2 0 0 0 51284557
80 0 30 0 15 0 23 255 2 0 0 0 51517039
106 0 207 255 252 255 23 255 2 0 0 0 51571433
45 0 8 0 225 255 23 255 2 0 0 0 51828251
34 0 26 0 233 255 24 255 2 0 0 0 51828771
27 0 13 0 245 255 24 255 3 0 0 0 51858056
225 255 46 0 233 255 25 255 3 0 0 0 52144033
207 255 61 0 254 255 25 255 3 0 0 0 52144578
132 255 35 0 191 255 26 255 3 0 0 0 52145150
114 255 24 0 218 255 26 255 4 0 0 0 52340703
103 255 54 0 231 255 26 255 4 0 255 255 52341259
159 255 30 0 21 0 26 255 5 0 255 255 52435626
196 255 206 255 65 0 26 255 4 0 0 0 52668139
214 255 157 255 56 0 26 255 4 0 0 0 52668696
217 255 166 255 66 0 26 255 4 0 0 0 52722320
14 0 129 255 97 0 25 255 4 0 0 0 52988829
59 0 88 255 252 255 25 255 3 0 0 0 52989223
94 0 121 255 198 255 25 255 3 0 0 0 53009107
153 0 155 255 201 255 25 255 3 0 0 0 53243707
144 0 170 255 241 255 25 255 3 0 0 0 53244516
84 0 197 255 43 0 24 255 3 0 0 0 53295831
87 0 0 0 70 0 24 255 3 0 0 0 53394198
93 0 0 0 246 255 23 255 4 0 0 0 53488415
41 0 25 0 238 255 23 255 4 0 0 0 53586666
127 0 53 0 26 0 23 255 4 0 0 0 53680892
124 0 6 0 22 0 23 255 3 0 0 0 53859097
91 0 247 255 28 0 22 255 3 0 0 0 53873419
56 0 16 0 20 0 22 255 3 0 0 0 53967651
0 0 50 0 32 0 22 255 3 0 0 0 54174749
223 255 66 0 5 0 22 255 3 0 0 0 54175328
196 255 61 0 220 255 21 255 3 0 0 0 54258478
205 255 14 0 239 255 21 255 4 0 0 0 54424293
182 255 24 0 37 0 21 255 3 0 0 0 54446898
193 255 248 255 35 0 20 255 3 0 0 0 54545190
169 255 247 255 241 255 21 255 4 0 0 0 54735289
116 255 20 0 51 0 20 255 4 0 0 0 54737672
200 255 79 0 22 0 19 255 4 0 0 0 54831918
236 255 82 0 38 0 19 255 4 0 0 0 55036604
16 0 67 0 29 0 19 255 4 0 0 0 55038583
33 0 48 0 28 0 19 255 5 0 0 0 55118697
74 0 35 0 64 0 18 255 5 0 0 0 55286408
55 0 83 0 41 0 18 255 5 0 0 0 55311235
54 0 66 0 31 0 18 255 5 0 0 0 55405451
241 255 34 0 11 0 18 255 5 0 0 0 55599095
43 0 20 0 55 0 18 255 5 0 0 0 55599514
11 0 51 0 41 0 18 255 4 0 0 0 55696217
32 0 62 0 35 0 18 255 4 0 255 255 55851536
33 0 64 0 29 0 18 255 4 0 0 0 55888795
29 0 25 0 5 0 18 255 4 0 0 0 55982962
255 255 78 0 3 0 19 255 4 0 255 255 56175495
198 255 50 0 248 255 19 255 5 0 255 255 56269749
208 255 16 0 241 255 20 255 5 0 255 255 56476993
174 255 242 255 219 255 20 255 6 0 0 0 56477644
128 255 212 255 241 255 21 255 6 0 0 0 56560579
188 255 199 255 18 0 21 255 6 0 0 0 56727360
172 255 184 255 236 255 21 255 5 0 0 0 56748954
238 255 235 255 26 255 21 255 5 0 0 0 56843254
255 255 230 255 8 0 20 255 5 0 0 0 57038976
120 0 190 255 2 0 20 255 4 0 0 0 57039799
131 0 216 255 254 255 20 255 4 0 0 0 57134048
145 0 235 255 56 0 20 255 3 0 0 0 57343650
145 0 248 255 44 0 20 255 4 0 0 0 57344330
82 0 34 0 83 0 20 255 4 0 0 0 57420815
72 0 238 255 20 0 20 255 5 0 0 0 57593485
117 0 9 0 253 255 20 255 3 0 0 0 57613363
28 0 78 0 24 0 20 255 3 0 0 0 57707504
248 255 84 0 39 0 20 255 3 0 255 255 57906093
24 0 114 0 78 0 19 255 3 0 255 255 57907144
209 255 62 0 84 0 18 255 3 0 0 0 57998370
173 255 18 0 242 255 18 255 4 0 0 0 58166293
183 255 74 0 200 255 17 255 5 0 0 0 58186857
192 255 237 255 241 255 16 255 3 0 0 0 58488951
177 255 254 255 234 255 16 255 3 0 255 255 58489503
175 255 65 0 235 255 15 255 2 0 255 255 58571818
246 255 61 0 0 0 14 255 3 0 255 255 58744956
235 255 36 0 247 255 15 255 3 0 255 255 58760245
236 255 12 0 4 0 15 255 3 0 255 255 58858598
252 255 1 0 238 255 14 255 3 0 0 0 59061192
38 0 60 0 248 255 15 255 4 0 0 0 59061801
31 0 103 0 83 0 15 255 4 0 0 0 59145358
15 0 124 0 75 0 15 255 4 0 255 255 59375360
220 255 64 0 34 0 15 255 5 0 255 255 59375956
41 0 69 0 58 0 15 255 4 0 255 255 59432135
76 0 72 0 5 0 15 255 4 0 255 255 59626062
59 0 53 0 4 0 16 255 4 0 0 0 59627067
21 0 45 0 67 0 16 255 4 0 0 0 59722851
207 255 18 0 7 0 17 255 4 0 0 0 59939229
184 255 244 255 248 255 18 255 5 0 0 0 59939928
192 255 204 255 212 255 18 255 5 0 0 0 60009601
209 255 214 255 197 255 19 255 5 0 0 0 60190260
228 255 227 255 231 255 20 255 4 0 0 0 60202132
134 255 244 255 12 0 21 255 4 0 0 0 60296395
87 255 239 255 24 0 21 255 5 0 0 0 60510641
138 255 205 255 9 0 22 255 6 0 1 0 60511497
168 255 192 255 242 255 22 255 6 0 1 0 60583123
159 255 196 255 252 255 22 255 6 0 1 0 60821382
194 255 191 255 41 0 23 255 5 0 1 0 60821857
196 255 194 255 31 0 23 255 5 0 1 0 60873968
0 0 192 255 245 255 23 255 5 0 1 0 61070896
64 0 214 255 0 0 24 255 4 0 0 0 61071386
39 0 234 255 50 0 24 255 4 0 0 0 61160707
73 0 222 255 23 0 24 255 4 0 0 0 61387422
69 0 249 255 2 0 24 255 4 0 0 0 61387893
8 0 23 0 9 0 24 255 5 0 0 0 61447354
67 0 17 0 19 0 24 255 5 0 0 0 61631889
61 0 14 0 249 255 24 255 4 0 0 0 61639925
12 0 53 0 2 0 24 255 4 0 0 0 61734113
52 0 45 0 59 0 24 255 4 0 0 0 61945911
21 0 33 0 57 0 24 255 4 0 0 0 61946658
224 255 6 0 26 0 24 255 4 0 0 0 62024973
209 255 15 0 43 0 24 255 4 0 0 0 62258808
4 0 14 0 1 0 24 255 4 0 0 0 62259234
26 0 24 0 26 0 24 255 3 0 0 0 62311766
50 0 10 0 33 0 24 255 3 0 0 0 62509926
65 0 6 0 56 0 24 255 3 0 0 0 62510506
27 0 15 0 54 0 24 255 3 0 0 0 62598467
7 0 15 0 29 0 23 255 4 0 0 0 62816998
16 0 14 0 245 255 23 255 4 0 0 0 62817517
0 0 239 255 221 255 22 255 4 0 0 0 62885258
89 0 215 255 253 255 22 255 4 0 0 0 63134014
5 0 243 255 18 0 22 255 4 0 0 0 63176029
210 255 35 0 252 255 22 255 4 0 0 0 63380960
165 255 51 0 5 0 22 255 5 0 0 0 63381363
169 255 95 0 26 0 22 255 5 0 0 0 63462752
246 255 109 0 42 0 22 255 5 0 255 255 63698777
220 255 74 0 28 0 23 255 5 0 255 255 63699505
238 255 31 0 42 0 23 255 5 0 255 255 63749531
16 0 55 0 29 0 23 255 4 0 255 255 64002420
58 0 105 0 235 255 24 255 4 0 255 255 64003248
70 0 160 0 146 255 24 255 4 0 255 255 64036287
102 0 194 0 246 255 25 255 4 0 254 255 64252159
121 0 136 0 78 0 27 255 4 0 254 255 64252521
231 255 84 0 96 0 28 255 4 0 253 255 64327046
225 255 3 0 32 0 28 255 5 0 254 255 64569171
243 255 201 255 38 0 29 255 5 0 254 255 64569671
202 255 197 255 12 0 30 255 6 0 255 255 64609751
217 255 208 255 0 0 31 255 6 0 255 255 64822383
224 255 216 255 13 0 33 255 6 0 255 255 64822849
216 255 238 255 255 255 34 255 5 0 0 0 64900584
0 0 0 0 33 0 35 255 5 0 255 255 65137376
0 0 252 255 31 0 36 255 5 0 255 255 65137892
5 0 253 255 40 0 37 255 5 0 255 255 65187349
27 0 245 255 12 0 37 255 5 0 255 255 65391370
38 0 204 255 16 0 38 255 5 0 0 0 65391837
40 0 166 255 224 255 38 255 5 0 0 0 65474023
60 0 200 255 217 255 39 255 5 0 0 0 65710843
73 0 186 255 215 255 40 255 5 0 0 0 65711232
63 0 174 255 194 255 42 255 6 0 0 0 65760756
51 0 170 255 204 255 43 255 5 0 0 0 66027669
59 0 147 255 235 255 44 255 5 0 0 0 66028188
60 0 132 255 222 255 44 255 5 0 1 0 66051622
107 0 166 255 6 0 45 255 4 0 0 0 66279682
131 0 197 255 61 0 46 255 4 0 0 0 66280482
126 0 180 255 255 255 46 255 3 0 0 0 66338388
110 0 220 255 21 0 46 255 3 0 0 0 66641202
110 0 186 255 45 0 47 255 3 0 0 0 66641849
141 0 163 255 24 0 47 255 3 0 0 0 66642584
126 0 188 255 82 0 47 255 3 0 0 0 66882177
138 0 181 255 133 0 47 255 3 0 0 0 66883504
115 0 169 255 52 0 48 255 3 0 1 0 66916014
62 0 201 255 58 0 48 255 4 0 1 0 67185894
68 0 223 255 70 0 49 255 5 0 0 0 67186883
53 0 219 255 44 0 49 255 4 0 1 0 67198552
49 0 180 255 246 255 48 255 4 0 1 0 67435652
41 0 225 255 194 255 47 255 4 0 1 0 67436330
39 0 246 255 246 255 47 255 4 0 0 0 67489436
220 255 192 255 14 0 46 255 4 0 1 0 67744084
222 255 130 255 25 0 45 255 5 0 1 0 67744772
2 0 85 255 67 0 43 255 4 0 2 0 67776175
237 255 155 255 235 255 43 255 4 0 2 0 67995979
251 255 2 0 12 0 43 255 4 0 1 0 67996491
182 255 49 0 20 0 43 255 5 0 1 0 68066992
198 255 50 0 250 255 42 255 5 0 0 0 68316643
26 0 15 0 230 255 41 255 5 0 0 0 68317098
21 0 242 255 227 255 41 255 5 0 0 0 68349586
45 0 247 255 38 0 41 255 5 0 0 0 68625310
38 0 235 255 104 0 41 255 5 0 0 0 68625819
3 0 222 255 94 0 41 255 5 0 0 0 68640494
201 255 0 0 85 0 40 255 6 0 0 0 68876858
227 255 35 0 37 0 40 255 6 0 0 0 68878874
190 255 27 0 240 0 39 255 6 0 0 0 68927245
204 255 26 0 229 255 38 255 6 0 0 0 69189091
41 0 254 255 242 255 38 255 6 0 0 0 69190135
0 0 230 255 241 255 37 255 6 0 0 0 69213969
233 255 242 255 238 255 36 255 5 0 0 0 69439876
168 255 236 255 230 255 35 255 6 0 0 0 69440409
136 255 17 0 236 255 35 255 6 0 0 0 69500802
153 255 239 255 36 0 34 255 7 0 0 0 69752926
202 255 207 255 235 255 34 255 6 0 1 0 69753563
245 255 243 255 6 0 33 255 6 0 1 0 69787447
13 0 41 0 11 0 32 255 5 0 0 0 70068523
43 0 56 0 241 255 32 255 5 0 0 0 70069378
84 0 65 0 221 255 31 255 5 0 0 0 70078240
71 0 82 0 4 0 31 255 5 0 0 0 70318333
78 0 93 0 15 0 29 255 5 0 0 0 70319446
47 0 84 0 33 0 28 255 5 0 0 0 70364999
81 0 38 0 63 0 27 255 5 0 0 0 70586141
53 0 6 0 100 0 26 255 4 0 0 0 70586563
45 0 57 0 15 0 25 255 5 0 0 0 70651730
9 0 124 0 16 0 25 255 4 0 255 255 70750002
7 0 130 0 15 0 24 255 5 0 255 255 70844274
252 255 100 0 243 255 23 255 5 0 255 255 70942561
177 255 123 0 243 255 22 255 5 0 254 255 71036752
156 255 97 0 224 255 20 255 6 0 254 255 71130976
146 255 56 0 237 255 19 255 6 0 255 255 71229338
101 255 102 0 176 255 17 255 6 0 255 255 71323517
79 255 129 0 0 0 16 255 6 0 254 255 71491940
204 255 183 0 8 0 14 255 6 0 254 255 71516027
14 0 163 0 18 0 14 255 4 0 254 255 71614362
56 0 134 0 39 0 13 255 4 0 253 255 71807359
80 0 150 0 74 0 12 255 3 0 253 255 71807806
78 0 111 0 70 0 12 255 4 0 253 255 71901061
63 0 86 0 68 0 12 255 4 0 254 255 72057906
71 0 53 0 57 0 12 255 4 0 254 255 72093574
158 0 26 0 247 255 12 255 4 0 255 255 72187787
152 0 11 0 68 0 12 255 3 0 255 255 72377733
28 0 35 0 69 0 13 255 3 0 255 255 72380395
184 255 70 0 54 0 13 255 3 0 255 255 72474596
181 255 80 0 14 0 14 255 4 0 255 255 72626378
197 255 78 0 221 255 14 255 4 0 255 255 72667146
133 255 85 0 213 255 14 255 4 0 255 255 72761335
123 255 63 0 221 255 14 255 4 0 0 0 72944197
140 255 20 0 232 255 14 255 4 0 0 0 72953826
159 255 23 0 208 255 14 255 4 0 0 0 73052140
177 255 54 0 7 0 14 255 3 0 0 0 73200930
183 255 74 0 60 0 14 255 3 0 0 0 73240572
239 255 44 0 253 255 14 255 3 0 0 0 73338855
60 0 56 0 11 0 14 255 2 0 0 0 73517840
40 0 47 0 27 0 15 255 2 0 0 0 73531410
79 0 59 0 22 0 15 255 2 0 255 255 73625611
45 0 69 0 83 0 15 255 2 0 255 255 73831921
235 255 51 0 129 0 16 255 2 0 255 255 73832372
244 255 25 0 59 0 16 255 3 0 255 255 73912369
240 255 22 0 14 0 17 255 3 0 255 255 74084859
208 255 65 0 4 0 18 255 4 0 255 255 74104885
243 255 69 0 25 0 19 255 4 0 255 255 74203193
27 0 24 0 51 0 20 255 4 0 255 255 74399778
51 0 251 255 7 0 22 255 4 0 0 0 74400310
54 0 40 0 212 255 24 255 5 0 0 0 74489884
62 0 28 0 251 255 26 255 4 0 0 0 74651619
50 0 253 255 251 255 28 255 4 0 0 0 74682420
193 255 21 0 52 0 29 255 4 0 0 0 74776668
152 255 50 0 56 0 30 255 5 0 0 0 74974881
165 255 76 0 233 255 31 255 5 0 255 255 74975302
167 255 68 0 242 255 33 255 5 0 255 255 75063406
254 255 77 0 252 255 36 255 5 0 254 255 75239236
23 0 77 0 237 255 38 255 5 0 253 255 75255914
15 0 90 0 245 255 41 255 4 0 253 255 75354232
61 0 74 0 40 0 43 255 4 0 253 255 75557406
75 0 54 0 25 0 46 255 5 0 253 255 75557874
28 0 30 0 59 0 50 255 6 0 254 255 75641002
5 0 71 0 131 0 54 255 7 0 254 255 75811420
229 255 235 255 42 0 58 255 7 0 254 255 75829391
226 255 99 255 210 255 63 255 8 0 0 0 75927726
229 255 130 255 246 255 67 255 8 0 0 0 76126749
247 255 97 255 8 0 71 255 8 0 0 0 76127496
242 255 98 255 45 0 75 255 7 0 0 0 76214418
0 0 72 255 92 0 79 255 7 0 0 0 76438502
216 255 37 255 13 0 84 255 7 0 0 0 76439308
64 0 43 255 249 255 88 255 7 0 0 0 76505223
142 0 74 255 189 255 93 255 6 0 0 0 76689591
151 0 75 255 210 255 97 255 5 0 0 0 76693695
186 0 59 255 240 255 101 255 5 0 0 0 76792030
188 0 57 255 240 255 105 255 4 0 0 0 77003598
197 0 41 255 6 0 108 255 3 0 0 0 77004142
193 0 250 254 6 0 111 255 3 0 0 0 77078818
220 0 247 254 224 255 114 255 3 0 0 0 77306403
5 1 21 255 170 255 116 255 3 0 0 0 77306986
61 1 46 255 211 255 119 255 2 0 0 0 77365553
29 1 57 255 205 255 121 255 2 0 0 0 77550382
31 1 62 255 4 0 123 255 2 0 0 0 77557960
53 1 24 255 48 0 125 255 2 0 0 0 77652304
85 1 255 254 48 0 127 255 2 0 0 0 77869536
36 1 44 255 27 0 129 255 2 0 0 0 77870201
254 0 100 255 66 0 131 255 2 0 0 0 77938961
10 1 96 255 17 0 132 255 3 0 0 0 78121718
40 1 46 255 254 255 134 255 3 0 0 0 78135610
56 1 43 255 198 255 136 255 2 0 0 0 78229813
32 1 77 255 224 255 138 255 2 0 0 0 78441324
228 0 124 255 228 255 141 255 2 0 0 0 78441970
159 0 188 255 193 255 143 255 2 0 0 0 78516516
165 0 226 255 197 255 145 255 2 0 255 255 78710054
193 0 221 255 227 255 148 255 1 0 254 255 78711216
221 0 167 255 64 0 150 255 1 0 254 255 78803410
207 0 112 255 93 0 152 255 1 0 255 255 79017546
126 0 136 255 48 0 153 255 2 0 255 255 79018472
105 0 197 255 28 0 155 255 3 0 255 255 79089999
197 0 215 255 43 0 156 255 3 0 255 255 79327823
229 0 190 255 43 0 157 255 3 0 255 255 79328331
144 0 205 255 112 0 159 255 3 0 255 255 79376756
130 0 206 255 128 0 160 255 5 0 254 255 79582127
160 0 200 255 43 0 161 255 5 0 254 255 79582544
146 0 145 255 193 255 162 255 6 0 255 255 79667619
222 0 142 255 186 255 164 255 6 0 255 255 79846050
212 0 145 255 205 255 165 255 5 0 0 0 79860154
204 0 140 255 195 255 167 255 6 0 255 255 79954352
243 0 162 255 215 255 168 255 5 0 255 255 80164326
236 0 241 255 178 255 170 255 4 0 254 255 80165840
201 0 244 255 253 255 172 255 5 0 253 255 80245192
191 0 182 255 47 0 173 255 5 0 254 255 80476850
146 0 102 255 20 0 174 255 5 0 255 255 80477410
111 0 88 255 8 0 175 255 5 0 255 255 80531871
148 0 92 255 211 255 176 255 6 0 255 255 80733444
251 0 82 255 201 255 177 255 5 0 0 0 80733894
208 0 63 255 217 255 178 255 4 0 0 0 80818654
171 0 67 255 6 0 179 255 4 0 0 0 81041792
167 0 74 255 247 255 181 255 5 0 0 0 81042465
161 0 90 255 21 0 182 255 6 0 0 0 81105392
113 0 104 255 26 0 183 255 6 0 0 0 81347274
92 0 168 255 0 0 184 255 7 0 0 0 81347858
196 0 91 255 169 255 186 255 7 0 0 0 81599326
223 0 81 255 199 255 188 255 7 0 0 0 81599914
184 0 95 255 240 255 189 255 7 0 0 0 81678834
137 0 71 255 27 0 191 255 7 0 0 0 81921582
157 0 84 255 20 0 193 255 7 0 1 0 81921952
114 0 183 255 26 0 194 255 6 0 0 0 81965641
123 0 179 255 20 0 195 255 7 0 0 0 82175495
150 0 178 255 14 0 197 255 7 0 0 0 82177014
192 0 153 255 22 0 199 255 7 0 0 0 82256400
207 0 122 255 245 255 201 255 7 0 0 0 82486671
4 1 106 255 242 255 204 255 7 0 0 0 82487318
13 1 115 255 231 255 207 255 7 0 0 0 82547211
214 0 95 255 45 0 210 255 7 0 0 0 82740855
189 0 65 255 10 0 217 255 7 0 0 0 82833971
190 0 94 255 242 255 221 255 7 0 0 0 83059447
193 0 104 255 231 255 225 255 7 0 0 0 83059892
229 0 116 255 3 0 229 255 7 0 0 0 83120721
255 0 111 255 39 0 234 255 7 0 0 0 83368547
255 0 129 255 20 0 238 255 7 0 0 0 83369080
2 1 158 255 6 0 243 255 7 0 0 0 83407479
20 1 178 255 21 0 248 255 7 0 0 0 83618394
246 0 183 255 10 0 253 255 6 0 0 0 83619083
214 0 208 255 12 0 1 0 6 0 255 255 83694265
230 0 195 255 19 0 5 0 7 0 255 255 83934569
7 1 158 255 223 255 9 0 7 0 255 255 83935710
91 1 100 255 185 255 14 0 6 0 0 0 83981019
137 1 81 255 221 255 18 0 5 0 0 0 84186206
117 1 93 255 250 255 22 0 5 0 0 0 84186934
144 1 71 255 251 255 25 0 4 0 0 0 84271792
200 1 8 255 218 255 29 0 4 0 0 0 84498455
210 1 242 254 13 0 33 0 3 0 0 0 84499143
206 1 225 254 221 255 36 0 3 0 1 0 84558528
242 1 246 254 220 255 40 0 3 0 1 0 84746790
29 2 238 254 252 255 44 0 2 0 0 0 84751055
253 1 241 254 248 255 47 0 2 0 1 0 84845275
250 1 252 254 20 0 50 0 3 0 0 0 85060849
207 1 88 255 67 0 53 0 3 0 0 0 85061352
171 1 139 255 7 0 56 0 3 0 0 0 85132026
157 1 144 255 233 255 59 0 4 0 0 0 85366410
172 1 204 255 184 255 61 0 4 0 0 0 85366903
169 1 36 0 190 255 63 0 4 0 0 0 85422801
187 1 54 0 27 0 65 0 3 0 0 0 85617987
142 1 96 0 249 255 67 0 2 0 255 255 85618468
98 1 143 0 13 0 70 0 3 0 254 255 85709534
61 1 154 0 37 0 72 0 3 0 254 255 85931872
109 1 140 0 12 0 74 0 3 0 254 255 85932674
158 1 105 0 7 0 77 0 3 0 255 255 85996465
170 1 79 0 10 0 80 0 2 0 255 255 86245351
175 1 59 0 16 0 83 0 2 0 255 255 86245987
155 1 74 0 34 0 86 0 3 0 255 255 86283133
170 1 55 0 38 0 89 0 3 0 255 255 86445314
173 1 33 0 226 255 92 0 4 0 255 255 86475567
200 1 66 0 143 255 95 0 4 0 255 255 86573914
236 1 73 0 202 255 98 0 3 0 255 255 86769858
251 1 47 0 238 255 101 0 3 0 255 255 86770308
237 1 57 0 31 0 104 0 3 0 255 255 86860617
228 1 59 0 12 0 107 0 4 0 255 255 87088444
21 2 98 0 254 255 110 0 3 0 255 255 87089411
6 2 120 0 54 0 112 0 4 0 254 255 87147398
211 1 119 0 8 0 114 0 4 0 254 255 87392915
7 2 78 0 230 255 115 0 4 0 254 255 87393670
183 1 92 0 238 255 117 0 4 0 253 255 87434111
146 1 59 0 15 0 118 0 4 0 253 255 87596190
148 1 12 0 10 0 119 0 4 0 254 255 87626631
144 1 32 0 188 255 121 0 5 0 254 255 87724922
164 1 22 0 146 255 124 0 5 0 254 255 87924438
45 1 46 0 246 255 128 0 5 0 254 255 88011631
40 1 254 255 17 0 131 0 6 0 254 255 88241510
57 1 215 255 25 0 133 0 6 0 255 255 88242037
89 1 176 255 229 255 135 0 5 0 255 255 88298403
125 1 158 255 64 0 138 0 4 0 0 0 88547117
161 1 186 255 63 0 139 0 4 0 0 0 88548090
160 1 219 255 216 255 140 0 5 0 0 0 88585150
165 1 55 0 8 0 143 0 6 0 0 0 88797808
39 1 75 0 241 255 145 0 7 0 0 0 88871879
193 0 181 0 203 255 145 0 7 0 255 255 89112870
237 0 190 0 194 255 146 0 9 0 254 255 89113450
50 0 110 0 20 0 147 0 8 0 254 255 89158697
6 1 49 0 229 255 148 0 7 0 254 255 89414400
231 0 129 0 250 255 148 0 6 0 253 255 89414829
214 0 141 0 2 0 148 0 6 0 253 255 89449443
18 1 97 0 17 0 149 0 6 0 253 255 89711550
104 1 42 0 36 0 150 0 5 0 254 255 89712145
145 1 64 0 253 255 152 0 4 0 255 255 89736213
204 1 187 0 248 255 155 0 4 0 254 255 89928809
220 1 154 0 224 255 157 0 4 0 254 255 90027055
0 2 124 0 110 0 160 0 4 0 254 255 90237523
111 1 18 0 14 0 165 0 5 0 255 255 90313862
63 1 24 0 45 0 169 0 5 0 255 255 90543414
223 0 67 0 8 0 174 0 6 0 255 255 90544191
199 0 78 0 205 0 178 0 7 0 254 255 90596432
194 0 8 0 218 255 183 0 7 0 255 255 90802763
194 0 248 255 240 255 187 0 7 0 255 255 90803278
140 0 16 0 18 0 192 0 7 0 255 255 90887276
111 0 30 0 5 0 196 0 8 0 255 255 91115309
130 0 53 0 231 255 201 0 8 0 254 255 91116311
178 0 66 0 228 255 205 0 8 0 254 255 91174005
224 0 67 0 234 255 209 0 8 0 254 255 91418554
251 0 59 0 243 255 212 0 8 0 254 255 91419548
48 1 247 255 232 255 216 0 8 0 255 255 91460779
55 1 247 255 255 255 221 0 8 0 255 255 91668618
27 1 253 255 224 255 226 0 8 0 255 255 91669254
243 0 4 0 229 255 231 0 8 0 255 255 91751582
225 0 8 0 232 255 236 0 8 0 255 255 91979414
193 0 224 255 1 0 240 0 8 0 255 255 91980002
201 0 138 255 232 255 245 0 8 0 0 0 92038353
41 1 124 255 234 255 0 1 7 0 0 0 92231040
7 1 237 255 228 255 5 1 7 0 0 0 92325073
255 0 62 0 246 255 10 1 8 0 255 255 92543585
27 1 75 0 24 0 14 1 7 0 255 255 92544126
112 1 253 255 20 0 18 1 7 0 255 255 92615878
173 1 243 255 13 0 22 1 7 0 0 0 92859370
144 1 79 0 255 255 26 1 6 0 255 255 92860124
121 1 146 0 186 255 30 1 7 0 255 255 92902604
148 1 137 0 225 255 34 1 7 0 255 255 93109428
167 1 100 0 10 0 37 1 6 0 255 255 93109887
168 1 104 0 23 0 41 1 6 0 254 255 93189402
113 1 115 0 12 0 45 1 6 0 254 255 93423463
110 1 127 0 239 255 48 1 6 0 254 255 93424027
133 1 121 0 253 255 51 1 6 0 253 255 93476089
128 1 130 0 29 0 54 1 6 0 253 255 93676622
106 1 131 0 31 0 56 1 6 0 253 255 93677416
63 1 125 0 61 0 199 254 6 0 253 255 93762876
58 1 65 0 221 255 202 254 7 0 253 255 93989298
37 1 89 0 190 255 204 254 7 0 253 255 94053708
90 1 118 0 223 255 205 254 6 0 253 255 94292323
95 1 138 0 227 255 207 254 6 0 254 255 94292891
159 1 140 0 238 255 208 254 5 0 254 255 94336387
150 1 118 0 231 255 209 254 4 0 255 255 94545038
103 1 149 0 234 255 210 254 4 0 255 255 94545677
104 1 129 0 17 0 211 254 4 0 255 255 94627156
121 1 47 0 34 0 212 254 4 0 0 0 94857455
139 1 249 255 66 0 213 254 5 0 0 0 94858025
154 1 181 255 91 0 213 254 4 0 1 0 94913896
81 1 163 255 253 255 214 254 4 0 1 0 95167614
68 1 232 255 28 0 215 254 4 0 1 0 95168406
109 1 20 0 35 0 216 254 4 0 0 0 95200654
79 1 28 0 18 0 217 254 5 0 0 0 95415723
72 1 36 0 6 0 217 254 5 0 0 0 95416762
126 1 46 0 255 255 218 254 4 0 0 0 95487353
115 1 49 0 197 255 219 254 4 0 1 0 95716901
136 1 75 0 203 255 219 254 4 0 0 0 95717733
78 1 94 0 216 255 220 254 4 0 0 0 95778239
35 1 93 0 16 0 221 254 4 0 0 0 96031669
4 1 106 0 24 0 221 254 5 0 0 0 96032208
215 0 86 0 229 255 222 254 5 0 0 0 96064927
174 0 101 0 205 255 222 254 6 0 0 0 96233721
208 0 104 0 245 255 222 254 6 0 0 0 96257446
213 0 73 0 198 255 221 254 6 0 1 0 96351693
239 0 9 0 9 0 219 254 5 0 1 0 96608288
26 1 229 255 218 255 217 254 5 0 2 0 96609071
93 1 185 255 193 255 216 254 4 0 2 0 96638382
91 1 187 255 250 255 214 254 4 0 2 0 96856759
2 1 209 255 18 0 211 254 4 0 2 0 96857312
222 0 215 255 13 0 208 254 5 0 2 0 96925176
210 0 13 0 44 0 204 254 5 0 1 0 97173849
196 0 45 0 58 0 200 254 5 0 1 0 97174355
190 0 61 0 76 0 55 1 5 0 0 0 97211899
123 0 90 0 23 0 51 1 6 0 0 0 97427856
74 0 145 0 20 0 47 1 6 0 0 0 97428541
56 0 181 0 20 0 42 1 6 0 0 0 97502805
45 0 206 0 21 0 38 1 7 0 0 0 97737195
29 0 229 0 5 0 34 1 7 0 0 0 97738911
11 0 241 0 250 255 29 1 7 0 255 255 97789425
21 0 1 1 248 255 24 1 8 0 255 255 98048966
64 0 19 1 231 255 18 1 7 0 255 255 98049903
88 0 30 1 4 0 11 1 7 0 255 255 98080395
133 0 245 0 22 0 5 1 7 0 255 255 98352399
173 0 251 0 33 0 0 1 7 0 255 255 98353827
214 0 3 1 41 0 250 0 7 0 0 0 98362952
210 0 230 0 14 0 245 0 7 0 0 0 98600333
242 0 193 0 243 255 240 0 7 0 0 0 98600971
251 0 145 0 242 255 235 0 7 0 0 0 98653834
213 0 74 0 7 0 230 0 7 0 0 0 98865451
163 0 69 0 254 255 226 0 8 0 0 0 98865933
179 0 106 0 47 0 222 0 8 0 0 0 98940524
150 0 113 0 37 0 219 0 9 0 1 0 99184145
197 0 150 0 27 0 216 0 9 0 1 0 99184790
247 0 151 0 16 0 213 0 8 0 1 0 99231378
172 0 168 0 228 255 210 0 7 0 1 0 99497947
84 0 227 0 53 0 205 0 7 0 0 0 99498676
41 0 216 0 248 255 201 0 8 0 0 0 99518076
38 0 140 0 228 255 197 0 7 0 0 0 99749708
68 0 117 0 18 0 194 0 6 0 1 0 99750141
97 0 126 0 247 255 191 0 7 0 1 0 99804797
146 0 156 0 67 0 187 0 6 0 0 0 100063930
150 0 129 0 42 0 184 0 6 0 1 0 100064310
181 0 122 0 21 0 181 0 6 0 1 0 100091577
175 0 133 0 249 255 178 0 6 0 1 0 100316702
194 0 140 0 0 0 176 0 7 0 1 0 100317258
193 0 120 0 1 0 174 0 7 0 1 0 100382381
215 0 104 0 29 0 172 0 7 0 1 0 100633073
218 0 146 0 12 0 170 0 7 0 1 0 100634387
126 0 168 0 27 0 169 0 7 0 1 0 100669134
105 0 240 0 92 0 167 0 6 0 0 0 100943658
75 0 220 0 32 0 165 0 6 0 0 0 100944101
102 0 225 0 15 0 163 0 6 0 0 0 100955901
100 0 217 0 28 0 161 0 5 0 0 0 101195557
57 0 212 0 26 0 159 0 5 0 0 0 101196372
91 0 198 0 0 0 157 0 5 0 0 0 101242667
150 0 154 0 224 255 155 0 5 0 0 0 101509480
193 0 167 0 223 255 154 0 4 0 0 0 101510129
141 0 209 0 8 0 152 0 4 0 0 0 101529390
114 0 238 0 3 0 151 0 5 0 0 0 101761497
141 0 19 1 39 0 150 0 4 0 255 255 101762718
121 0 32 1 9 0 148 0 4 0 255 255 101816192
133 0 246 0 224 255 147 0 5 0 255 255 102024265
173 0 18 1 4 0 146 0 4 0 255 255 102026223
164 0 30 1 39 0 145 0 5 0 255 255 102106939
178 0 1 1 36 0 144 0 5 0 255 255 102350747
225 0 34 1 48 0 143 0 5 0 255 255 102351304
227 0 37 1 18 0 142 0 6 0 255 255 102393678
208 0 64 1 255 255 142 0 6 0 254 255 102662288
213 0 71 1 34 0 142 0 6 0 253 255 102663133
206 0 46 1 70 0 141 0 6 0 253 255 102684515
210 0 188 0 133 0 141 0 6 0 254 255 102912959
181 0 163 0 60 0 141 0 5 0 254 255 102913706
130 0 162 0 5 0 141 0 6 0 254 255 102971300
111 0 178 0 7 0 141 0 6 0 254 255 103230863
54 0 162 0 218 255 141 0 6 0 254 255 103231661
31 0 177 0 218 255 141 0 7 0 255 255 103253958
220 255 188 0 236 255 140 0 7 0 255 255 103533134
129 255 184 0 15 0 140 0 7 0 255 255 103533881
121 255 151 0 0 0 139 0 8 0 255 255 103544725
150 255 116 0 235 255 138 0 8 0 0 0 103782585
246 255 113 0 55 0 138 0 8 0 0 0 103783762
0 0 133 0 23 0 136 0 7 0 0 0 103831478
48 0 98 0 217 255 136 0 7 0 0 0 104097979
107 0 97 0 213 255 135 0 6 0 0 0 104098657
113 0 98 0 241 255 134 0 6 0 0 0 104118226
112 0 101 0 224 255 132 0 6 0 1 0 104353221
121 0 128 0 47 0 131 0 7 0 1 0 104353861
146 0 178 0 67 0 130 0 7 0 0 0 104409056
136 0 168 0 44 0 128 0 7 0 0 0 104659670
119 0 212 0 78 0 127 0 7 0 0 0 104660148
22 0 253 0 106 0 125 0 7 0 0 0 104695773
224 255 203 0 52 0 123 0 7 0 0 0 104965991
233 255 157 0 251 255 121 0 7 0 1 0 104966544
33 0 144 0 197 255 119 0 7 0 1 0 104982559
17 0 160 0 222 255 117 0 6 0 1 0 105219491
33 0 149 0 10 0 115 0 6 0 1 0 105220208
11 0 139 0 7 0 112 0 5 0 2 0 105269468
3 0 149 0 32 0 110 0 6 0 1 0 105526649
2 0 144 0 42 0 108 0 6 0 1 0 105527252
249 255 132 0 243 255 106 0 6 0 1 0 105560066
249 255 68 0 41 0 104 0 7 0 1 0 105840594
35 0 95 0 214 255 102 0 7 0 2 0 105841036
246 0 244 0 232 255 100 0 8 0 1 0 105842698
11 0 22 1 6 0 99 0 8 0 0 0 106091219
251 255 220 0 123 0 97 0 8 0 1 0 106091716
188 255 190 0 40 0 94 0 9 0 2 0 106133553
209 255 245 0 248 255 91 0 9 0 2 0 106407659
34 0 241 0 216 255 90 0 10 0 2 0 106408261
91 0 228 0 195 255 88 0 9 0 2 0 106420449
172 0 217 0 235 255 86 0 9 0 2 0 106654491
33 1 217 0 248 255 84 0 8 0 3 0 106655170
19 1 251 0 236 255 82 0 7 0 3 0 106707026
195 0 16 1 41 0 80 0 7 0 2 0 106969096
149 0 233 0 122 0 78 0 8 0 2 0 106969630
130 0 199 0 130 0 76 0 8 0 2 0 106993737
83 0 162 0 3 0 73 0 8 0 3 0 107285483
72 0 199 0 238 255 71 0 8 0 2 0 107286441
20 0 205 0 31 0 69 0 8 0 2 0 107287240
200 255 184 0 26 0 67 0 8 0 3 0 107534224
164 255 235 0 249 255 64 0 9 0 3 0 107535045
202 255 28 1 221 255 62 0 9 0 2 0 107571381
207 255 54 1 17 0 59 0 9 0 2 0 107843069
149 255 83 1 42 0 56 0 9 0 1 0 107843460
122 255 96 1 58 0 53 0 9 0 1 0 107858088
152 255 92 1 40 0 49 0 9 0 1 0 108094392
209 255 78 1 222 255 46 0 9 0 1 0 108094812
222 255 19 1 243 255 42 0 8 0 1 0 108148905
36 0 201 0 23 0 38 0 9 0 2 0 108410392
85 0 159 0 6 0 36 0 9 0 2 0 108411127
104 0 142 0 240 255 33 0 9 0 2 0 108435656
98 0 149 0 248 255 30 0 9 0 2 0 108725815
119 0 175 0 246 255 27 0 10 0 2 0 108726410
188 0 214 0 57 0 24 0 10 0 1 0 108726931
142 0 234 0 19 0 21 0 9 0 1 0 108973755
77 0 24 1 32 0 18 0 10 0 1 0 108974366
45 0 35 1 244 255 13 0 10 0 0 0 109288787
86 0 69 1 250 255 11 0 11 0 0 0 109289718
108 0 118 1 18 0 9 0 10 0 0 0 109299941
21 0 148 1 16 0 6 0 10 0 255 255 109539285
212 255 183 1 236 255 4 0 11 0 254 255 109540361
246 255 250 1 2 0 2 0 11 0 254 255 109586747
50 0 7 2 249 255 0 0 11 0 254 255 109846013
55 0 0 2 25 0 255 255 10 0 253 255 109846905
80 0 220 1 59 0 254 255 10 0 254 255 109873451
127 0 181 1 26 0 252 255 10 0 255 255 110104866
179 0 213 1 36 0 252 255 10 0 255 255 110105428
181 0 217 1 11 0 252 255 9 0 255 255 110160165
114 0 212 1 31 0 251 255 10 0 255 255 110416451
147 0 144 1 71 0 250 255 9 0 255 255 110417131
105 0 96 1 93 0 249 255 9 0 255 255 110450997
94 0 72 1 127 0 248 255 10 0 255 255 110668347
38 0 72 1 35 0 247 255 10 0 255 255 110668945
6 0 70 1 52 0 247 255 11 0 255 255 110733679
238 255 81 1 3 0 246 255 11 0 255 255 110984536
228 255 84 1 251 255 245 255 11 0 254 255 110985325
171 255 114 1 235 255 244 255 11 0 254 255 111024529
136 255 117 1 24 0 244 255 12 0 254 255 111238018
128 255 91 1 38 0 243 255 12 0 255 255 111238926
152 255 62 1 27 0 242 255 13 0 255 255 111311209
166 255 62 1 18 0 241 255 13 0 255 255 111557662
229 255 243 0 238 255 240 255 13 0 0 0 111558446
62 0 195 0 11 0 239 255 12 0 0 0 111598036
119 0 243 0 229 255 239 255 12 0 0 0 111808923
174 0 235 0 212 255 239 255 11 0 0 0 111809532
177 0 208 0 235 255 239 255 10 0 0 0 111888864
165 0 236 0 41 0 237 255 10 0 0 0 112135266
187 0 0 1 29 0 236 255 11 0 0 0 112135860
191 0 238 0 46 0 236 255 10 0 255 255 112175546
85 0 74 1 254 255 235 255 11 0 254 255 112390420
124 0 148 1 113 0 233 255 11 0 254 255 112390990
233 255 143 1 52 0 231 255 11 0 253 255 112698569
15 0 164 1 255 255 230 255 11 0 253 255 112700567
37 0 173 1 231 255 229 255 11 0 252 255 112749091
65 0 169 1 184 255 228 255 11 0 252 255 113001944
85 0 196 1 188 255 227 255 10 0 252 255 113002637
53 0 1 2 241 255 226 255 10 0 251 255 113035820
52 0 5 2 25 0 225 255 10 0 251 255 113301981
38 0 234 1 16 0 224 255 10 0 251 255 113302663
86 0 190 1 26 0 223 255 10 0 252 255 113326678
153 0 121 1 19 0 222 255 9 0 253 255 113554542
199 0 129 1 220 255 221 255 8 0 253 255 113555203
247 0 146 1 215 255 221 255 8 0 253 255 113613387
222 0 133 1 36 0 221 255 8 0 252 255 113869866
196 0 109 1 51 0 220 255 8 0 252 255 113870678
247 0 87 1 25 0 219 255 9 0 252 255 113900119
19 1 59 1 30 0 219 255 8 0 252 255 114118035
235 0 19 1 35 0 218 255 8 0 252 255 114118477
212 0 40 1 34 0 217 255 8 0 252 255 114186834
127 0 78 1 39 0 217 255 8 0 252 255 114435777
107 0 98 1 236 255 218 255 9 0 252 255 114436299
123 0 94 1 198 255 218 255 9 0 252 255 114477657
66 0 113 1 176 255 219 255 8 0 252 255 114684576
75 0 142 1 53 0 220 255 7 0 252 255 114685084
31 0 137 1 68 0 220 255 7 0 252 255 114764490
73 0 86 1 132 0 221 255 7 0 252 255 114999433
115 0 79 1 85 0 221 255 7 0 252 255 115000264
170 0 10 1 245 255 222 255 7 0 253 255 115051126
201 0 10 1 217 255 223 255 6 0 252 255 115249365
166 0 37 1 250 255 224 255 6 0 252 255 115249793
118 0 37 1 240 255 225 255 7 0 252 255 115337879
89 0 28 1 22 0 226 255 8 0 252 255 115562809
105 0 77 1 94 0 228 255 9 0 252 255 115563342
98 0 53 1 85 0 230 255 9 0 252 255 115624589
57 0 10 1 21 0 232 255 9 0 252 255 115814232
81 0 16 1 22 0 235 255 9 0 252 255 115817174
63 0 17 1 4 0 238 255 9 0 251 255 115911480
226 255 226 0 52 0 241 255 9 0 251 255 116127147
194 255 197 0 51 0 244 255 10 0 252 255 116127792
175 255 214 0 243 255 248 255 11 0 252 255 116202237
249 255 248 0 35 0 253 255 11 0 252 255 116431184
108 0 233 0 18 0 0 0 11 0 252 255 116433140
154 0 209 0 253 255 5 0 10 0 253 255 116488921
183 0 236 0 226 255 12 0 10 0 253 255 116629765
130 0 243 0 30 0 18 0 10 0 253 255 116681462
255 255 125 0 129 0 24 0 11 0 253 255 116775682
172 255 53 0 151 0 32 0 12 0 254 255 116943501
72 255 19 0 144 0 39 0 12 0 255 255 116968187
251 254 207 255 10 0 46 0 14 0 255 255 117066468
135 255 165 255 203 255 52 0 13 0 255 255 117253523
160 255 128 255 219 255 58 0 13 0 255 255 117254917
183 255 80 255 14 0 64 0 12 0 255 255 117353377
184 255 68 255 250 255 69 0 11 0 0 0 117557406
228 255 71 255 19 0 75 0 11 0 0 0 117558130
8 0 24 255 251 255 80 0 11 0 0 0 117639987
77 0 7 255 190 255 86 0 10 0 0 0 117809272
84 0 67 255 28 0 92 0 9 0 255 255 117832498
118 0 76 255 35 0 97 0 9 0 255 255 117926713
129 0 112 255 19 0 102 0 9 0 255 255 118123088
87 0 178 255 249 255 106 0 9 0 254 255 118123679
130 0 213 255 237 255 110 0 9 0 254 255 118213495
128 0 35 0 244 255 112 0 8 0 253 255 118425583
128 0 78 0 37 0 114 0 8 0 252 255 118426247
149 0 65 0 80 0 115 0 9 0 252 255 118500197
202 0 45 0 65 0 118 0 10 0 252 255 118678560
215 0 82 0 214 0 121 0 9 0 252 255 118692757
54 1 152 0 233 255 125 0 10 0 251 255 118791042
33 1 148 0 70 0 130 0 9 0 250 255 118995712
137 0 68 0 34 0 136 0 10 0 251 255 118997188
61 0 89 0 80 0 142 0 11 0 251 255 119077874
82 0 59 0 111 0 148 0 11 0 252 255 119247093
96 0 211 255 239 255 154 0 11 0 253 255 119270291
156 0 153 255 177 255 160 0 11 0 254 255 119364537
77 0 187 255 236 255 167 0 11 0 253 255 119557285
116 0 197 255 254 255 172 0 11 0 253 255 119558086
109 0 121 255 252 255 177 0 11 0 253 255 119655365
188 0 61 255 29 0 183 0 11 0 254 255 119806311
228 0 26 255 248 255 188 0 10 0 254 255 119847847
207 0 46 255 196 255 193 0 10 0 255 255 119942067
19 1 64 255 4 0 198 0 9 0 255 255 120125325
246 0 44 255 39 0 202 0 9 0 255 255 120134560
249 0 238 254 5 0 206 0 9 0 0 0 120228818
10 1 221 254 20 0 211 0 9 0 0 0 120440853
78 1 222 254 79 0 216 0 8 0 0 0 120441423
246 0 213 254 13 0 220 0 8 0 1 0 120519623
27 1 194 254 231 255 224 0 8 0 2 0 120691889
53 1 243 254 239 255 229 0 8 0 2 0 120708115
23 1 34 255 239 255 234 0 8 0 2 0 120806403
30 1 93 255 4 0 238 0 9 0 1 0 121006075
59 1 96 255 24 0 243 0 9 0 1 0 121006477
44 1 106 255 249 255 247 0 9 0 1 0 121093122
57 1 91 255 22 0 251 0 9 0 1 0 121256036
38 1 106 255 7 0 0 1 10 0 2 0 121285618
106 1 130 255 6 0 4 1 10 0 2 0 121379872
170 1 99 255 221 255 8 1 10 0 3 0 121575714
205 1 83 255 194 255 12 1 9 0 3 0 121576240
241 1 58 255 3 0 17 1 9 0 3 0 121670712
236 1 68 255 1 0 22 1 9 0 3 0 121821472
3 2 88 255 253 255 26 1 8 0 3 0 121859175
6 2 157 255 196 255 31 1 8 0 3 0 121953380
228 1 18 0 154 255 36 1 8 0 2 0 122093496
18 2 44 0 212 255 40 1 8 0 1 0 122145838
255 1 10 0 39 0 44 1 8 0 1 0 122240081
238 1 162 255 251 255 50 1 8 0 0 0 122436717
219 1 191 255 214 255 53 1 8 0 0 0 122530939
217 1 213 255 198 255 57 1 8 0 0 0 122625159
241 1 4 0 197 255 200 254 8 0 0 0 122723426
15 2 19 0 195 255 203 254 7 0 0 0 122817714
21 2 41 0 225 255 206 254 7 0 255 255 122911901
246 1 71 0 0 0 209 254 6 0 255 255 123010194
165 1 113 0 2 0 211 254 6 0 254 255 123104410
165 1 135 0 209 255 213 254 7 0 254 255 123202716
250 1 177 0 211 255 215 254 6 0 254 255 123296951
74 2 191 0 192 255 217 254 5 0 253 255 123391156
79 2 209 0 231 255 220 254 5 0 253 255 123489442
97 2 179 0 237 255 222 254 5 0 254 255 123583685
117 2 181 0 224 255 223 254 5 0 254 255 123681934
86 2 195 0 35 0 225 254 5 0 253 255 123776211
55 2 159 0 58 0 226 254 5 0 254 255 123870446
59 2 134 0 71 0 228 254 6 0 255 255 124122749
94 2 99 0 27 0 230 254 5 0 255 255 124123272
51 2 70 0 26 0 231 254 4 0 0 0 124161258
23 2 85 0 36 0 233 254 4 0 0 0 124437187
214 1 97 0 241 255 234 254 5 0 0 0 124437894
100 1 123 0 201 255 236 254 7 0 0 0 124448012
123 1 84 0 178 255 237 254 8 0 0 0 124689190
185 1 252 255 143 255 238 254 7 0 0 0 124691071
162 1 167 255 141 255 239 254 7 0 1 0 124738879
65 1 147 255 212 255 240 254 7 0 2 0 125004164
250 0 184 255 31 0 241 254 8 0 2 0 125004898
203 0 183 255 225 255 242 254 9 0 3 0 125021457
34 1 164 255 243 255 243 254 9 0 3 0 125119763
252 0 220 255 223 255 244 254 9 0 3 0 125213937
129 1 221 255 28 0 244 254 10 0 3 0 125312294
213 1 128 255 215 255 244 254 8 0 4 0 125406518
225 1 95 255 217 255 244 254 8 0 4 0 125500791
225 1 130 255 221 255 244 254 9 0 4 0 125599038
13 2 208 255 254 255 244 254 9 0 4 0 125693311
224 1 237 255 250 255 244 254 8 0 3 0 125791570
206 1 193 255 0 0 245 254 9 0 3 0 125885797
109 1 10 0 221 0 246 254 9 0 3 0 125980033
40 1 74 0 2 0 246 254 9 0 2 0 126078262
197 0 86 0 216 255 245 254 10 0 2 0 126172497
177 0 119 0 251 255 245 254 10 0 2 0 126270893
173 0 123 0 206 255 245 254 11 0 2 0 126364991
236 0 132 0 247 255 244 254 11 0 1 0 126463373
46 1 113 0 230 255 244 254 10 0 2 0 126557581
128 1 108 0 236 255 244 254 10 0 2 0 126651809
137 1 130 0 2 0 245 254 9 0 1 0 126750127
119 1 144 0 1 0 245 254 9 0 1 0 126844311
110 1 141 0 245 255 246 254 10 0 1 0 126938564
50 1 108 0 11 0 246 254 10 0 1 0 127036840
53 1 91 0 1 0 246 254 11 0 1 0 127297882
33 1 64 0 27 0 246 254 10 0 1 0 127298806
238 0 47 0 27 0 246 254 11 0 1 0 127323547
196 0 106 0 236 255 246 254 11 0 1 0 127421816
167 0 115 0 223 255 245 254 11 0 1 0 127516062
149 0 67 0 234 255 245 254 12 0 1 0 127610280
117 0 36 0 217 255 244 254 12 0 2 0 127895359
175 0 9 0 208 255 244 254 12 0 2 0 127897202
211 0 221 255 6 0 243 254 12 0 2 0 127901092
247 0 198 255 220 255 243 254 12 0 2 0 128143001
46 1 194 255 233 255 242 254 11 0 2 0 128143501
110 1 217 255 197 255 242 254 10 0 3 0 128187898
206 1 205 255 247 255 242 254 9 0 3 0 128465232
217 1 181 255 227 255 241 254 8 0 3 0 128466050
154 1 220 255 10 0 240 254 8 0 2 0 128478677
152 1 208 255 72 0 239 254 9 0 2 0 128772472
177 1 233 255 53 0 239 254 9 0 2 0 128773062
87 1 54 0 255 255 238 254 9 0 1 0 128773445
33 1 50 0 26 0 238 254 9 0 1 0 129024576
233 0 64 0 6 0 237 254 9 0 1 0 129025155
131 0 146 0 196 255 237 254 9 0 0 0 129052204
110 0 180 0 233 255 236 254 10 0 0 0 129282054
150 0 181 0 213 255 235 254 10 0 0 0 129282477
130 0 225 0 209 255 235 254 10 0 0 0 129338923
227 0 201 0 28 0 234 254 9 0 0 0 129600778
21 1 162 0 0 0 233 254 9 0 0 0 129625645
34 1 147 0 1 0 233 254 9 0 0 0 129849611
80 1 145 0 13 0 233 254 9 0 0 0 129850135
50 1 81 0 31 0 233 254 9 0 0 0 129912424
123 1 70 0 106 0 233 254 9 0 0 0 130117418
119 1 60 0 249 255 233 254 8 0 0 0 130117862
226 0 76 0 228 255 233 254 8 0 0 0 130203258
204 0 101 0 46 0 233 254 9 0 0 0 130444428
146 0 72 0 13 0 233 254 9 0 0 0 130445040
81 0 22 0 222 255 232 254 10 0 0 0 130489955
89 0 234 255 218 255 231 254 10 0 0 0 130753227
81 0 223 255 190 255 231 254 10 0 1 0 130753695
71 0 2 0 228 255 231 254 11 0 0 0 130776823
78 0 23 0 219 255 231 254 10 0 1 0 131003827
130 0 9 0 7 0 231 254 10 0 1 0 131004467
118 0 1 0 4 0 231 254 10 0 1 0 131063459
183 0 220 255 2 0 231 254 9 0 1 0 131320960
139 0 245 255 254 255 230 254 9 0 1 0 131321679
180 0 204 255 63 0 229 254 9 0 1 0 131354253
188 0 191 255 62 0 228 254 9 0 1 0 131631936
255 0 193 255 35 0 228 254 9 0 1 0 131632823
128 0 67 0 67 0 227 254 9 0 0 0 131640965
138 0 106 0 65 0 226 254 9 0 0 0 131886050
136 0 53 0 4 0 225 254 9 0 0 0 131887104
135 0 83 0 230 255 224 254 9 0 0 0 131927763
164 0 128 0 254 255 222 254 9 0 0 0 132196576
174 0 116 0 224 255 221 254 8 0 0 0 132197331
207 0 124 0 234 255 219 254 8 0 0 0 132214485
195 0 147 0 228 255 217 254 8 0 0 0 132450025
159 0 147 0 228 255 216 254 9 0 0 0 132451500
172 0 188 0 185 255 215 254 9 0 0 0 132505435
226 0 29 1 0 0 214 254 9 0 0 0 132761244
34 1 48 1 186 255 213 254 8 0 255 255 132761821
2 1 119 1 249 255 213 254 7 0 254 255 132792080
224 0 104 1 55 0 213 254 7 0 254 255 133009288
175 0 49 1 84 0 215 254 7 0 254 255 133009826
166 0 7 1 118 0 217 254 7 0 254 255 133078837
140 0 208 0 138 0 219 254 7 0 255 255 133273100
134 0 117 0 12 0 221 254 7 0 0 0 133273652
88 0 93 0 3 0 224 254 7 0 0 0 133365567
100 0 96 0 241 255 226 254 7 0 255 255 133595047
103 0 38 0 0 0 228 254 7 0 0 0 133595575
64 0 11 0 10 0 229 254 7 0 0 0 133652344
77 0 8 0 254 255 231 254 8 0 0 0 133909243
80 0 248 255 228 255 233 254 8 0 0 0 133909607
110 0 222 255 229 255 234 254 9 0 0 0 133943082
155 0 198 255 199 255 236 254 9 0 0 0 134163721
189 0 208 255 217 255 238 254 9 0 0 0 134165465
242 0 217 255 206 255 238 254 8 0 0 0 134229922
30 1 228 255 212 255 239 254 8 0 0 0 134477502
101 1 240 255 16 0 239 254 7 0 0 0 134478040
89 1 229 255 16 0 239 254 7 0 0 0 134516661
7 1 238 255 5 0 238 254 7 0 0 0 134728094
213 0 221 255 10 0 237 254 7 0 255 255 134728740
206 0 219 255 69 0 236 254 8 0 255 255 134807420
178 0 228 255 91 0 235 254 8 0 0 0 135047395
154 0 21 0 231 255 235 254 8 0 0 0 135047887
141 0 140 0 6 0 235 254 8 0 255 255 135094121
102 0 205 0 251 255 234 254 8 0 255 255 135310237
113 0 204 0 252 255 235 254 8 0 254 255 135311571
109 0 226 0 30 0 237 254 8 0 254 255 135380871
106 0 190 0 45 0 239 254 8 0 255 255 135627898
87 0 112 0 75 0 242 254 8 0 255 255 135628412
148 0 59 0 29 0 245 254 7 0 0 0 135667637
100 0 63 0 220 255 249 254 7 0 0 0 135870638
154 0 36 0 244 255 253 254 7 0 0 0 135871119
209 0 32 0 12 0 0 255 6 0 255 255 135954385
231 0 44 0 207 255 3 255 6 0 255 255 136181716
26 1 35 0 169 255 6 255 6 0 255 255 136182192
59 1 50 0 184 255 9 255 5 0 254 255 136245224
52 1 81 0 228 255 13 255 4 0 254 255 136493589
30 1 67 0 16 0 15 255 4 0 254 255 136494367
9 1 41 0 43 0 18 255 4 0 254 255 136527885
244 0 10 0 86 0 21 255 5 0 254 255 136738239
12 1 4 0 231 255 24 255 5 0 254 255 136738881
250 0 59 0 195 255 26 255 5 0 253 255 136818701
47 1 39 0 253 255 29 255 5 0 253 255 137053040
86 1 16 0 14 0 32 255 5 0 253 255 137053501
90 1 253 255 53 0 34 255 4 0 253 255 137105460
230 0 40 0 13 0 37 255 5 0 252 255 137312832
206 0 77 0 49 0 40 255 6 0 252 255 137313727
201 0 59 0 27 0 42 255 7 0 252 255 137396275
229 0 3 0 230 255 45 255 7 0 252 255 137620474
57 1 220 255 201 255 48 255 7 0 252 255 137621002
58 1 217 255 229 255 51 255 7 0 252 255 137678910
13 1 220 255 1 0 54 255 8 0 252 255 137935287
235 0 3 0 71 0 57 255 8 0 252 255 137937045
98 0 9 0 0 0 61 255 9 0 251 255 137969764
28 0 40 0 227 255 65 255 11 0 251 255 138128122
118 0 122 0 238 255 69 255 10 0 250 255 138162285
92 0 163 0 28 0 73 255 10 0 250 255 138256472
79 0 144 0 19 0 77 255 11 0 250 255 138442499
120 0 158 0 52 0 82 255 11 0 249 255 138448999
165 0 182 0 32 0 86 255 11 0 249 255 138547340
180 0 102 0 34 0 91 255 10 0 250 255 138711403
193 0 11 0 6 0 97 255 10 0 251 255 138735788
194 0 206 255 246 255 103 255 10 0 252 255 138830002
234 0 200 255 247 255 110 255 10 0 253 255 139030384
55 1 214 255 17 0 117 255 8 0 253 255 139030939
31 1 244 255 214 255 124 255 7 0 253 255 139116736
10 1 1 0 154 255 130 255 7 0 253 255 139345596
58 1 21 0 210 255 136 255 6 0 253 255 139346307
73 1 236 255 241 255 143 255 5 0 253 255 139407584
87 1 176 255 218 255 149 255 5 0 253 255 139597062
119 1 120 255 185 255 155 255 4 0 253 255 139600029
202 1 81 255 217 255 162 255 3 0 254 255 139694275
188 1 88 255 225 255 168 255 2 0 254 255 139856636
191 1 105 255 243 255 175 255 1 0 253 255 139886777
170 1 80 255 232 255 181 255 1 0 253 255 139985059
251 1 52 255 251 255 186 255 1 0 254 255 140175925
64 2 32 255 205 255 192 255 0 0 254 255 140176385
92 2 51 255 204 255 197 255 0 0 254 255 140271825
103 2 81 255 33 0 202 255 0 0 254 255 140492347
94 2 73 255 98 0 207 255 0 0 254 255 140493091
12 2 92 255 43 0 212 255 0 0 254 255 140558639
209 1 161 255 30 0 217 255 1 0 254 255 140742669
186 1 220 255 76 0 222 255 1 0 253 255 140751058
159 1 243 255 200 255 228 255 2 0 253 255 140845357
113 1 97 0 197 255 233 255 2 0 253 255 141060486
69 1 146 0 45 0 238 255 2 0 252 255 141061032
225 0 130 0 234 255 244 255 3 0 252 255 141136179
8 1 148 0 204 255 250 255 4 0 252 255 141310456
111 1 143 0 214 255 0 0 4 0 253 255 141324628
149 1 177 0 216 255 6 0 3 0 253 255 141422936
160 1 199 0 222 255 11 0 3 0 253 255 141630086
155 1 184 0 9 0 17 0 3 0 253 255 141630539
97 1 209 0 76 0 23 0 2 0 252 255 141709684
71 1 162 0 90 0 28 0 2 0 253 255 141930229
76 1 106 0 25 0 33 0 2 0 253 255 141930802
73 1 54 0 238 255 39 0 2 0 253 255 141996398
123 1 24 0 223 255 45 0 1 0 254 255 142180957
171 1 21 0 202 255 51 0 1 0 254 255 142188921
169 1 20 0 180 255 58 0 0 0 253 255 142283140
123 1 12 0 188 255 64 0 0 0 253 255 142492544
183 1 72 0 205 255 70 0 0 0 253 255 142493164
236 1 20 0 12 0 76 0 0 0 252 255 142569847
206 1 27 0 15 0 82 0 255 255 252 255 142751729
188 1 56 0 230 0 87 0 0 0 252 255 142762422
233 1 91 0 14 0 91 0 0 0 252 255 142860703
26 2 66 0 13 0 96 0 0 0 252 255 143064728
237 1 48 0 211 255 101 0 0 0 252 255 143065336
28 2 111 0 218 255 105 0 0 0 252 255 143147453
37 2 130 0 218 255 109 0 0 0 252 255 143381592
9 2 145 0 249 255 113 0 0 0 252 255 143382639
198 1 156 0 3 0 117 0 0 0 252 255 143438256
123 1 163 0 255 255 121 0 0 0 252 255 143632558
83 1 153 0 53 0 125 0 1 0 252 255 143633202
90 1 128 0 85 0 129 0 1 0 252 255 143720924
108 1 90 0 39 0 132 0 2 0 253 255 143946783
115 1 111 0 239 255 136 0 1 0 253 255 143947380
90 1 177 0 203 255 140 0 1 0 252 255 144011687
104 1 209 0 186 255 144 0 1 0 252 255 144242214
160 1 14 1 210 255 149 0 1 0 251 255 144242567
109 1 76 1 37 0 154 0 0 0 250 255 144298436
92 1 56 1 7 0 157 0 0 0 251 255 144490451
175 1 58 1 203 255 162 0 0 0 250 255 144491254
187 1 55 1 27 0 166 0 255 255 250 255 144585284
151 1 249 0 62 0 171 0 255 255 250 255 144805515
160 1 231 0 57 0 175 0 255 255 251 255 144805975
141 1 220 0 251 0 180 0 0 0 252 255 144871941
63 1 25 1 229 255 185 0 0 0 251 255 145054766
96 1 42 1 8 0 189 0 0 0 251 255 145064497
85 1 32 1 67 0 193 0 0 0 251 255 145162755
84 1 234 0 81 0 197 0 0 0 252 255 145378690
90 1 189 0 74 0 201 0 0 0 252 255 145379440
84 1 156 0 0 0 205 0 0 0 253 255 145449520
57 1 147 0 223 255 209 0 0 0 254 255 145626382
52 1 106 0 28 0 214 0 0 0 254 255 145642059
219 0 12 0 51 0 217 0 0 0 255 255 145736325
141 0 209 255 47 0 220 0 0 0 0 0 145951030
166 0 189 255 18 0 223 0 1 0 0 0 145951873
220 0 49 255 138 255 226 0 1 0 0 0 146023033
245 0 187 0 166 255 230 0 1 0 255 255 146266056
41 1 190 0 174 255 232 0 1 0 254 255 146266535
90 1 206 0 161 255 235 0 0 0 254 255 146313838
117 1 173 0 219 255 236 0 0 0 253 255 146515614
147 1 143 0 18 0 238 0 0 0 253 255 146516008
124 1 110 0 17 0 241 0 0 0 253 255 146600557
98 1 122 0 81 0 243 0 0 0 252 255 146826446
87 1 105 0 54 0 246 0 0 0 253 255 146827620
14 1 144 0 19 0 249 0 0 0 252 255 146887394
67 1 153 0 10 0 251 0 0 0 252 255 147075847
54 1 149 0 177 255 253 0 0 0 253 255 147079819
242 0 192 0 30 0 0 1 0 0 253 255 147174086
136 0 145 0 238 255 2 1 0 0 253 255 147348587
67 0 131 0 15 0 4 1 1 0 253 255 147366570
128 0 158 0 210 255 6 1 1 0 253 255 147464925
199 0 252 0 227 255 8 1 0 0 253 255 147663689
227 0 10 1 18 0 10 1 0 0 252 255 147664140
159 0 16 1 7 0 13 1 0 0 252 255 147751618
212 0 14 1 71 0 15 1 0 0 252 255 147975230
154 0 247 0 64 0 18 1 1 0 252 255 147975839
172 0 184 0 55 0 21 1 1 0 253 255 148038396
134 0 165 0 21 0 24 1 1 0 254 255 148231475
209 0 124 0 23 0 27 1 1 0 255 255 148232297
158 0 124 0 229 255 31 1 1 0 255 255 148325090
108 0 130 0 28 0 34 1 1 0 255 255 148747371
58 0 118 0 240 255 37 1 2 0 255 255 148748113
92 0 127 0 232 255 39 1 2 0 255 255 148748777
162 0 101 0 251 255 42 1 2 0 255 255 148864926
148 0 39 0 6 0 46 1 2 0 0 0 149213235
172 0 23 0 250 255 47 1 2 0 0 0 149388986
166 0 4 0 249 255 49 1 2 0 0 0 149389596
171 0 235 255 218 255 50 1 2 0 0 0 149390112
249 0 175 255 235 255 53 1 1 0 0 0 149743023
2 1 156 255 1 0 53 1 1 0 0 0 149920216
48 1 154 255 226 255 54 1 1 0 0 0 149920690
46 1 253 255 218 255 54 1 1 0 0 0 149921114
74 1 39 0 232 255 53 1 0 0 0 0 150274940
22 1 102 0 36 0 53 1 1 0 255 255 150275696
50 1 135 0 86 0 52 1 1 0 255 255 150452367
44 1 82 0 78 0 52 1 1 0 0 0 150453397
249 0 34 0 10 0 50 1 2 0 0 0 150982465
227 0 41 0 244 255 51 1 2 0 0 0 150983973
199 0 34 0 245 255 50 1 2 0 0 0 151160844
247 255 91 0 26 0 50 1 3 0 255 255 151338766
190 255 125 0 8 0 50 1 3 0 254 255 151514528
236 255 154 0 104 0 49 1 4 0 254 255 151515379
69 0 110 0 31 0 49 1 3 0 255 255 151516214
80 0 101 0 217 255 50 1 3 0 254 255 151755564
197 0 124 0 252 255 50 1 3 0 254 255 151756118
206 0 107 0 237 255 50 1 2 0 254 255 151778276
243 0 86 0 22 0 50 1 2 0 254 255 152007920
227 0 51 0 5 0 50 1 2 0 255 255 152008492
236 0 94 0 45 0 49 1 2 0 255 255 152065002
227 0 98 0 233 255 49 1 1 0 255 255 152317348
209 0 64 0 244 255 49 1 1 0 255 255 152317965
176 0 149 0 28 0 49 1 1 0 255 255 152351703
153 0 148 0 70 0 48 1 1 0 254 255 152625923
143 0 61 0 59 0 48 1 2 0 255 255 152626400
137 0 64 0 29 0 47 1 2 0 255 255 152642539
195 0 50 0 56 0 47 1 2 0 0 0 152879620
132 0 76 0 34 0 47 1 2 0 0 0 152880940
75 0 85 0 250 255 47 1 4 0 0 0 152929326
84 0 67 0 229 255 47 1 4 0 0 0 153191654
121 0 32 0 209 255 47 1 4 0 0 0 153192302
130 0 20 0 232 255 47 1 4 0 0 0 153216138
57 0 30 0 1 0 48 1 3 0 0 0 153502168
249 255 26 0 238 255 48 1 4 0 0 0 153503776
39 0 18 0 216 255 47 1 4 0 0 0 153699696
66 0 5 0 231 255 47 1 4 0 1 0 153700407
64 0 249 255 244 255 46 1 4 0 1 0 153789507
20 0 244 255 19 0 45 1 4 0 1 0 154017567
86 0 250 255 9 0 44 1 4 0 1 0 154017951
53 0 4 0 16 0 44 1 3 0 1 0 154080382
197 255 213 255 137 0 42 1 4 0 1 0 154341433
241 255 181 255 18 0 41 1 5 0 2 0 154342011
93 0 244 255 187 255 40 1 5 0 2 0 154367095
159 0 82 0 165 255 39 1 5 0 1 0 154655139
226 0 94 0 208 255 38 1 5 0 1 0 154656148
254 0 67 0 221 255 37 1 4 0 0 0 154657084
137 0 132 0 50 0 36 1 5 0 0 0 154904170
127 0 107 0 97 0 34 1 6 0 0 0 154904829
101 0 110 0 199 255 33 1 6 0 0 0 154940577
115 0 166 0 186 255 32 1 6 0 0 0 155213751
183 0 138 0 244 255 30 1 5 0 0 0 155214269
77 0 43 0 91 0 30 1 6 0 0 0 155227435
52 0 244 255 30 0 28 1 6 0 1 0 155517203
84 0 254 255 235 255 27 1 5 0 1 0 155517596
80 0 235 255 221 255 26 1 6 0 1 0 155518086
93 0 242 255 13 0 25 1 5 0 1 0 155767282
61 0 246 255 23 0 24 1 5 0 1 0 155767935
11 0 7 0 242 0 23 1 5 0 1 0 155804851
128 255 5 0 234 255 21 1 6 0 1 0 156082164
132 255 44 0 11 0 20 1 6 0 1 0 156082673
70 255 145 0 236 255 18 1 7 0 1 0 156095737
91 255 207 0 94 0 16 1 7 0 0 0 156337403
211 255 170 0 10 0 14 1 6 0 1 0 156338027
29 0 153 0 222 255 12 1 6 0 1 0 156378447
103 0 153 0 10 0 11 1 6 0 1 0 156655280
163 0 110 0 27 0 9 1 5 0 2 0 156655736
214 0 74 0 50 0 7 1 5 0 2 0 156669185
93 0 75 0 38 0 6 1 6 0 2 0 156901523
76 0 57 0 37 0 4 1 6 0 2 0 156902015
59 0 0 0 7 0 2 1 6 0 3 0 156955932
72 0 5 0 231 255 0 1 7 0 4 0 157224736
70 0 34 0 219 255 255 0 6 0 4 0 157225344
253 255 88 0 16 0 254 0 6 0 3 0 157242719
198 255 106 0 6 0 252 0 6 0 3 0 157473910
143 255 78 0 84 0 250 0 6 0 3 0 157474483
68 255 231 255 42 0 248 0 8 0 4 0 157529472
61 255 13 0 251 255 246 0 9 0 4 0 157782438
97 255 77 0 220 255 245 0 10 0 4 0 157782985
161 255 145 0 196 255 244 0 10 0 4 0 157820268
110 255 169 0 231 255 244 0 10 0 3 0 158094717
104 255 177 0 17 0 243 0 11 0 3 0 158095251
140 255 195 0 243 255 242 0 10 0 2 0 158107025
145 255 219 0 209 255 240 0 10 0 2 0 158348423
226 255 174 0 230 255 238 0 8 0 2 0 158348818
12 0 143 0 21 0 236 0 8 0 3 0 158393752
26 0 175 0 48 0 234 0 7 0 2 0 158662345
244 255 142 0 61 0 231 0 8 0 2 0 158663622
85 0 89 0 242 255 229 0 8 0 2 0 158680530
110 0 71 0 187 255 227 0 8 0 3 0 158912072
172 0 106 0 212 255 224 0 7 0 3 0 158912790
115 0 99 0 16 0 221 0 7 0 3 0 158971287
84 0 89 0 212 0 218 0 8 0 3 0 159233907
221 255 129 0 16 0 215 0 8 0 3 0 159234468
175 255 227 0 46 0 210 0 8 0 2 0 159258034
198 255 239 0 55 0 206 0 8 0 2 0 159550086
146 255 255 0 241 255 202 0 8 0 2 0 159550996
174 255 7 1 254 255 198 0 8 0 1 0 159551906
185 255 11 1 24 0 195 0 8 0 1 0 159801148
210 255 213 0 8 0 191 0 8 0 1 0 159802698
224 255 227 0 236 255 187 0 8 0 1 0 159831583
233 255 14 1 211 255 184 0 8 0 1 0 160068479
223 255 78 1 247 255 181 0 7 0 1 0 160070060
174 255 101 1 22 0 177 0 7 0 0 0 160122401
122 255 127 1 27 0 173 0 7 0 0 0 160386873
130 255 159 1 13 0 170 0 8 0 0 0 160387533
129 255 181 1 5 0 167 0 8 0 255 255 160405049
117 255 175 1 67 0 164 0 8 0 255 255 160692039
141 255 126 1 47 0 160 0 8 0 255 255 160692496
245 255 93 1 10 0 157 0 8 0 0 0 160695856
62 0 89 1 241 255 154 0 8 0 0 0 160945231
173 0 106 1 244 255 152 0 8 0 0 0 160945717
200 0 133 1 211 255 150 0 8 0 0 0 160982543
244 0 111 1 223 255 148 0 8 0 0 0 161255624
249 0 107 1 250 255 146 0 7 0 0 0 161256785
10 1 91 1 0 0 145 0 8 0 0 0 161269303
243 0 112 1 61 0 143 0 8 0 0 0 161505128
236 0 42 1 59 0 142 0 8 0 0 0 161505669
128 0 75 1 239 255 141 0 8 0 0 0 161555987
68 0 114 1 24 0 139 0 8 0 255 255 161814296
10 0 174 1 243 255 138 0 9 0 255 255 161814899
232 255 226 1 244 255 137 0 9 0 255 255 161846941
206 255 251 1 16 0 136 0 9 0 254 255 162064926
169 255 7 2 16 0 134 0 9 0 254 255 162065402
203 255 207 1 7 0 132 0 9 0 254 255 162133604
193 255 165 1 0 0 131 0 9 0 255 255 162388098
252 255 133 1 239 255 130 0 9 0 255 255 162388653
5 0 101 1 51 0 129 0 8 0 255 255 162420457
42 0 43 1 83 0 128 0 7 0 255 255 162643439
32 0 28 1 70 0 128 0 8 0 255 255 162644084
61 0 30 1 255 255 128 0 8 0 255 255 162707139
115 0 48 1 202 255 127 0 8 0 255 255 162951115
191 0 26 1 8 0 127 0 8 0 255 255 162951730
195 0 236 0 109 0 126 0 8 0 255 255 162997956
173 0 24 1 37 0 125 0 8 0 255 255 163256443
94 0 87 1 250 255 125 0 8 0 255 255 163257104
113 0 135 1 240 255 125 0 9 0 255 255 163284676
86 0 88 1 238 255 124 0 8 0 255 255 163509137
118 0 80 1 26 0 123 0 8 0 254 255 163509761
44 0 87 1 7 0 123 0 8 0 254 255 163571445
0 0 60 1 211 255 122 0 8 0 254 255 163827143
16 0 103 1 234 255 122 0 8 0 254 255 163827963
14 0 103 1 248 255 122 0 8 0 254 255 163858129
213 255 109 1 3 0 121 0 8 0 254 255 164077261
137 255 162 1 18 0 122 0 9 0 253 255 164077744
104 255 200 1 51 0 123 0 10 0 253 255 164148988
138 255 209 1 15 0 124 0 10 0 253 255 164385049
216 255 213 1 247 255 125 0 10 0 252 255 164385634
29 0 183 1 57 0 126 0 9 0 252 255 164435744
100 0 182 1 55 0 127 0 8 0 252 255 164638388
181 0 206 1 31 0 128 0 7 0 252 255 164638879
179 0 183 1 27 0 130 0 7 0 252 255 164722413
149 0 109 1 4 0 131 0 7 0 252 255 164949648
177 0 43 1 75 0 134 0 8 0 252 255 164950414
76 0 32 1 238 255 137 0 8 0 252 255 165009202
7 0 24 1 5 0 140 0 9 0 252 255 165259003
240 255 239 0 244 255 142 0 9 0 252 255 165260157
186 255 215 0 0 0 144 0 8 0 252 255 165300026
147 255 171 0 30 0 146 0 9 0 253 255 165509266
136 255 88 0 251 255 148 0 9 0 253 255 165510487
148 255 11 0 232 255 151 0 9 0 254 255 165582671
166 255 0 0 8 0 154 0 9 0 254 255 165816152
215 255 7 0 6 0 157 0 9 0 255 255 165816709
200 255 16 0 41 0 161 0 9 0 0 0 165873528
155 255 40 0 53 0 166 0 10 0 0 0 166119221
154 255 122 0 50 0 170 0 10 0 0 0 166119888
229 255 109 0 29 0 174 0 9 0 0 0 166160259
249 255 169 0 186 255 178 0 8 0 255 255 166368825
26 0 171 0 24 0 182 0 7 0 254 255 166369412
235 255 130 0 59 0 186 0 7 0 255 255 166447033
15 0 45 0 250 255 189 0 7 0 255 255 166687310
62 0 30 0 4 0 194 0 7 0 255 255 166687973
38 0 17 0 7 0 197 0 7 0 255 255 166737816
40 0 215 255 3 0 201 0 7 0 255 255 166934663
88 0 156 255 0 0 204 0 6 0 0 0 166935247
197 0 139 255 250 255 207 0 6 0 0 0 167024591
235 0 132 255 229 255 210 0 4 0 0 0 167244405
147 0 178 255 4 0 213 0 4 0 255 255 167245089
140 0 224 255 35 0 215 0 4 0 255 255 167311343
112 0 227 255 21 0 218 0 5 0 255 255 167494835
123 0 235 255 221 255 222 0 5 0 255 255 167503813
171 0 203 255 188 255 225 0 4 0 255 255 167598085
205 0 207 255 234 255 228 0 4 0 0 0 167815557
160 0 161 255 244 255 231 0 3 0 0 0 167816425
19 0 180 255 250 255 235 0 3 0 0 0 167888905
248 255 1 0 228 255 239 0 4 0 0 0 168075879
31 0 142 0 221 255 243 0 4 0 255 255 168081390
66 0 171 0 211 255 246 0 3 0 254 255 168175621
117 0 169 0 49 0 249 0 3 0 255 255 168385652
136 0 108 0 80 0 252 0 2 0 0 0 168386192
126 0 115 0 71 0 254 0 2 0 0 0 168462464
202 0 134 0 58 0 0 1 3 0 0 0 168702269
41 1 97 0 34 0 2 1 3 0 0 0 168702960
142 1 32 0 183 255 4 1 3 0 0 0 168749108
202 1 42 0 230 255 5 1 2 0 0 0 168954873
34 2 65 0 236 255 6 1 2 0 0 0 168955345
212 1 44 0 115 0 7 1 1 0 0 0 169035846
107 1 210 255 77 0 7 1 1 0 0 0 169267303
79 1 30 0 58 0 8 1 0 0 0 0 169268108
250 0 112 0 211 255 8 1 1 0 255 255 169322547
188 0 115 0 189 255 8 1 1 0 255 255 169519695
126 0 44 0 236 255 7 1 1 0 0 0 169520496
88 0 245 255 244 255 5 1 1 0 0 0 169613435
116 0 202 255 22 0 4 1 1 0 0 0 169833172
121 0 193 255 60 0 4 1 0 0 0 0 169833618
53 0 169 255 247 255 3 1 0 0 0 0 169900205
87 0 92 255 204 255 2 1 1 0 0 0 170147559
7 1 95 255 95 255 1 1 0 0 0 0 170148293
221 0 144 255 183 255 255 0 0 0 0 0 170186935
186 0 221 255 186 0 254 0 0 0 255 255 170397968
36 0 18 0 84 0 253 0 1 0 254 255 170398413
161 255 133 0 229 255 251 0 3 0 254 255 170477709
25 0 151 0 219 255 250 0 2 0 254 255 170710807
248 255 132 0 125 255 249 0 3 0 254 255 170711435
10 0 205 0 148 255 248 0 3 0 254 255 170764404
234 255 19 1 72 0 247 0 3 0 253 255 171015382
215 255 230 0 88 0 246 0 3 0 253 255 171017379
2 0 163 0 42 0 246 0 3 0 254 255 171051245
63 0 144 0 5 0 245 0 4 0 255 255 171266467
235 0 145 0 235 255 244 0 3 0 255 255 171267259
250 0 98 0 207 255 244 0 3 0 255 255 171337911
226 0 105 0 196 255 244 0 3 0 255 255 171579922
198 0 153 0 22 0 244 0 4 0 254 255 171580640
93 1 154 0 254 255 243 0 3 0 254 255 171628838
44 1 139 0 56 0 242 0 3 0 254 255 171877815
36 1 150 0 82 0 243 0 4 0 253 255 171878185
110 0 132 0 50 0 242 0 4 0 252 255 171915551
27 0 12 0 114 0 241 0 5 0 253 255 172131776
240 255 238 255 118 255 241 0 6 0 254 255 172132275
193 255 252 255 183 255 241 0 6 0 254 255 172202264
218 255 226 255 180 255 240 0 5 0 254 255 172500215
41 0 227 255 35 0 239 0 4 0 255 255 172500730
78 0 12 0 33 0 238 0 3 0 255 255 172501201
67 0 7 0 10 0 237 0 3 0 255 255 172739921
134 0 50 0 4 0 236 0 4 0 255 255 172740407
145 0 64 0 224 255 235 0 4 0 255 255 172779781
146 0 67 0 33 0 232 0 3 0 254 255 172992352
165 0 47 0 79 0 230 0 3 0 255 255 172993473
225 255 54 0 18 0 228 0 4 0 255 255 173066534
101 255 112 0 29 0 227 0 5 0 255 255 173251591
55 255 157 0 212 255 225 0 6 0 255 255 173259094
89 255 197 0 249 255 224 0 7 0 254 255 173353265
150 255 240 0 29 0 222 0 7 0 254 255 173569278
173 255 204 0 221 255 222 0 7 0 254 255 173569809
194 255 221 0 227 255 220 0 7 0 254 255 173639996
129 255 199 0 50 0 219 0 8 0 254 255 173882778
119 255 185 0 91 0 218 0 9 0 254 255 173883166
151 255 145 0 127 0 216 0 9 0 254 255 173926768
178 255 44 0 245 255 213 0 9 0 255 255 174137143
203 255 22 0 199 255 212 0 9 0 0 0 174137795
163 255 5 0 10 0 210 0 8 0 0 0 174217623
69 255 174 255 247 255 209 0 9 0 0 0 174407087
89 255 144 255 5 0 207 0 9 0 0 0 174407655
114 255 168 255 203 255 206 0 9 0 1 0 174504408
104 255 197 255 23 0 204 0 9 0 1 0 174777945
82 255 198 255 30 0 203 0 8 0 1 0 174778555
76 255 243 255 16 0 201 0 8 0 1 0 174791073
105 255 50 0 12 0 198 0 9 0 0 0 175030275
249 255 89 0 186 255 194 0 8 0 0 0 175031279
56 0 63 0 159 255 190 0 8 0 255 255 175077783
99 0 10 0 6 0 186 0 7 0 255 255 175338630
52 0 10 0 13 0 181 0 8 0 255 255 175339104
187 255 38 0 83 0 176 0 9 0 255 255 175368681
95 255 215 0 161 0 166 0 11 0 254 255 175645776
59 255 141 1 78 0 161 0 10 0 252 255 175655405
56 255 178 1 24 0 156 0 10 0 252 255 175888440
88 255 211 1 38 0 150 0 10 0 251 255 175888937
154 255 202 1 44 0 145 0 9 0 251 255 175942234
160 255 224 1 190 255 139 0 9 0 251 255 176152852
249 255 217 1 198 255 135 0 9 0 251 255 176153468
36 0 100 1 182 255 130 0 8 0 253 255 176228881
138 0 38 1 115 255 126 0 7 0 254 255 176471253
50 1 8 1 100 255 121 0 6 0 255 255 176471715
29 1 22 1 251 254 118 0 5 0 254 255 176515641
140 1 101 1 173 255 115 0 3 0 253 255 176780461
39 1 68 1 138 255 113 0 2 0 253 255 176781546
255 0 160 1 3 255 110 0 1 0 253 255 176806450
172 0 247 1 188 255 107 0 0 0 252 255 177077722
196 254 158 1 0 0 106 0 4 0 252 255 177078090
43 255 35 1 33 0 104 0 6 0 253 255 177093207
254 254 2 1 231 255 103 0 7 0 254 255 177328476
58 255 24 1 164 255 102 0 8 0 253 255 177329142
38 254 138 1 228 255 105 0 11 0 251 255 177379937
253 252 199 1 113 0 106 0 17 0 249 255 177642944
100 253 9 2 242 255 104 0 19 0 249 255 177643666
70 255 15 2 128 255 105 0 16 0 250 255 177670751
73 0 217 1 224 255 106 0 13 0 248 255 177891839
57 0 39 2 245 255 105 0 13 0 247 255 177892361
111 0 183 2 155 255 104 0 13 0 248 255 177953452
159 0 30 1 38 255 103 0 11 0 250 255 178203590
65 0 131 1 96 255 103 0 10 0 251 255 178204317
67 0 145 1 8 0 105 0 9 0 253 255 178244233
210 0 108 1 239 0 105 0 6 0 254 255 178508982
250 0 10 1 34 1 105 0 5 0 255 255 178509538
70 1 236 255 195 0 104 0 4 0 0 0 178530995
17 2 246 254 227 255 103 0 1 0 1 0 178760345
112 1 161 254 127 255 104 0 3 0 1 0 178761393
203 0 47 255 66 255 106 0 4 0 0 0 178817760
23 1 15 0 45 255 110 0 3 0 255 255 179073064
154 0 155 0 175 255 113 0 4 0 253 255 179073767
44 1 186 0 237 255 116 0 1 0 251 255 179108514
167 1 64 1 226 0 118 0 0 0 249 255 179374726
10 1 233 0 240 1 120 0 254 255 249 255 179375336
142 255 58 1 96 2 121 0 0 0 249 255 179395319
7 0 126 1 250 0 121 0 1 0 249 255 179616211
66 1 163 1 42 0 122 0 254 255 249 255 179616922
141 0 168 1 0 0 124 0 252 255 250 255 179682141
24 255 179 2 172 0 124 0 0 0 247 255 179930415
92 255 35 2 67 0 121 0 0 0 248 255 179931250
19 0 103 2 121 255 117 0 254 255 248 255 179968840
84 255 171 2 33 0 113 0 0 0 245 255 180240387
220 0 249 1 28 1 110 0 254 255 244 255 180241385
82 2 245 0 28 1 107 0 248 255 246 255 180259606
145 2 112 0 46 1 106 0 247 255 248 255 180487348
177 2 97 0 46 1 104 0 243 255 249 255 180487999
253 1 12 0 65 255 102 0 245 255 253 255 180640588
218 2 84 0 67 0 104 0 242 255 253 255 180802900
193 1 60 0 189 0 104 0 241 255 253 255 180833091
133 1 69 0 178 0 103 0 243 255 254 255 180931441
232 0 99 0 78 0 102 0 245 255 254 255 181068342
112 0 106 0 37 0 101 0 247 255 255 255 181119786
157 0 234 255 184 2 100 0 253 255 254 255 181218183
84 0 89 0 0 0 102 0 254 255 254 255 181560738
139 0 78 0 72 0 102 0 254 255 255 255 181561135
150 0 90 0 80 0 102 0 254 255 255 255 181561465
158 0 123 0 59 0 102 0 254 255 255 255 181742496
155 0 139 0 33 0 102 0 254 255 255 255 181743534
156 0 146 0 24 0 102 0 254 255 255 255 181791574
151 0 152 0 14 0 102 0 254 255 255 255 181976960
138 0 150 0 248 255 102 0 254 255 255 255 181984137
157 0 133 0 2 0 106 0 254 255 255 255 182082441
120 0 227 0 232 255 107 0 254 255 255 255 182288351
55 0 19 1 211 255 111 0 255 255 255 255 182288769
57 0 81 1 250 255 109 0 255 255 0 0 182365084
84 0 32 1 21 0 110 0 255 255 1 0 182541504
59 0 159 0 243 255 109 0 254 255 4 0 182557621
25 0 177 0 66 0 107 0 255 255 4 0 182651968
132 0 66 255 123 0 105 0 254 255 10 0 182858115
241 0 157 255 202 255 102 0 251 255 12 0 182859411
184 0 52 1 212 255 99 0 252 255 8 0 182942689
79 0 217 0 182 255 95 0 253 255 9 0 183170063
169 0 234 0 20 255 91 0 252 255 6 0 183170714
255 0 51 1 254 254 89 0 251 255 2 0 183229515
222 1 113 0 197 255 88 0 247 255 0 0 183422105
255 1 161 254 18 0 89 0 246 255 1 0 183422782
239 1 170 254 114 0 90 0 244 255 1 0 183520196
226 0 86 255 245 255 90 0 247 255 0 0 183745204
51 0 16 255 173 255 90 0 250 255 1 0 183745819
100 255 12 0 120 254 90 0 254 255 0 0 184057166
206 255 68 0 233 254 89 0 254 255 0 0 184058000
255 255 87 0 76 255 89 0 254 255 0 0 184089690
35 0 98 0 144 255 89 0 254 255 0 0 184306481
63 0 109 0 186 255 89 0 254 255 0 0 184307316
79 0 113 0 214 255 89 0 254 255 0 0 184380472
77 0 119 0 226 255 89 0 254 255 0 0 184628265
93 0 119 0 245 255 89 0 254 255 0 0 184628936
94 0 118 0 249 255 89 0 254 255 0 0 184667150
95 0 116 0 251 255 89 0 254 255 0 0 184941992
105 0 116 0 1 0 89 0 254 255 0 0 184942609
97 0 117 0 0 0 89 0 254 255 0 0 184953893
93 0 107 0 7 0 89 0 254 255 0 0 185243674
92 0 108 0 255 255 89 0 254 255 0 0 185244311
70 0 101 0 253 255 89 0 254 255 0 0 185244986
83 0 106 0 0 0 89 0 254 255 0 0 185993454
86 0 108 0 253 255 89 0 254 255 0 0 185994464
84 0 107 0 241 255 89 0 254 255 0 0 185995332
92 0 108 0 230 255 89 0 254 255 0 0 186087476
80 0 92 0 255 255 89 0 254 255 0 0 186148308
84 0 94 0 8 0 89 0 254 255 0 0 186308621
71 0 102 0 240 255 89 0 254 255 0 0 186309145
75 0 107 0 241 255 89 0 254 255 0 0 186395796
77 0 105 0 242 255 89 0 254 255 0 0 186546351
84 0 100 0 234 255 89 0 254 255 0 0 186588329
86 0 102 0 234 255 89 0 254 255 0 0 186682525
77 0 104 0 239 255 89 0 254 255 1 0 186840309
82 0 96 0 254 255 89 0 254 255 1 0 186875067
71 0 93 0 0 0 89 0 254 255 1 0 186969352
61 0 80 0 244 255 89 0 254 255 1 0 187132046
60 0 83 0 248 255 89 0 254 255 1 0 187256057
62 0 80 0 245 255 89 0 254 255 1 0 187416374
66 0 90 0 239 255 89 0 254 255 1 0 187448564
58 0 83 0 250 255 89 0 254 255 1 0 187546880
55 0 86 0 239 255 89 0 254 255 1 0 187715329
66 0 88 0 232 255 89 0 254 255 1 0 187739419
61 0 82 0 242 255 89 0 254 255 1 0 187833637
71 0 82 0 243 255 89 0 254 255 1 0 187998891
65 0 77 0 251 255 89 0 254 255 1 0 188026133
64 0 73 0 252 255 89 0 254 255 1 0 188120472
56 0 77 0 244 255 89 0 254 255 1 0 188250698
54 0 83 0 238 255 89 0 254 255 1 0 188312908
60 0 82 0 249 255 89 0 254 255 1 0 188407111
57 0 79 0 241 255 88 0 254 255 1 0 188541457
55 0 89 0 225 255 88 0 254 255 1 0 188599589
56 0 81 0 244 255 88 0 254 255 1 0 188697922
56 0 74 0 244 255 88 0 255 255 1 0 188894819
50 0 69 0 226 255 88 0 254 255 1 0 188895445
53 0 74 0 216 255 88 0 254 255 1 0 188980531
61 0 73 0 231 255 88 0 254 255 1 0 189150417
41 0 68 0 233 255 88 0 254 255 1 0 189173126
54 0 60 0 231 255 88 0 254 255 1 0 189271389
56 0 64 0 234 255 88 0 255 255 1 0 189442565
56 0 69 0 227 255 88 0 255 255 1 0 189463993
53 0 70 0 237 255 88 0 255 255 1 0 189559779
54 0 68 0 0 0 88 0 255 255 1 0 189715236
51 0 76 0 232 255 88 0 255 255 1 0 189750698
54 0 72 0 240 255 88 0 255 255 1 0 189844918
49 0 72 0 239 255 88 0 255 255 1 0 190025012
51 0 74 0 226 255 88 0 255 255 1 0 190037364
54 0 77 0 240 255 88 0 255 255 1 0 190135673
56 0 71 0 245 255 88 0 255 255 1 0 190258718
58 0 70 0 246 255 88 0 255 255 1 0 190328183
58 0 72 0 243 255 88 0 255 255 1 0 190422397
57 0 71 0 240 255 88 0 255 255 1 0 190546175
52 0 63 0 251 255 88 0 255 255 1 0 190610816
55 0 66 0 241 255 88 0 255 255 1 0 190709137
52 0 67 0 253 255 88 0 255 255 1 0 190835950
51 0 65 0 247 255 88 0 255 255 1 0 190901687
